5000
4208246392
1154530114
1067941841
857108955
3718607531
662315110
489970140
3357309115
2373220198
1797488610
3835161384
212262204
3687834157
1317397954
1622542780
1716950796
3374089176
1487089860
4254109456
935898918
2998434002
2298744019
3533499484
1984384177
3041773051
49555329
2645256688
4094867508
3049731635
2443724643
2985253025
1448666121
3490692267
2661883771
654325359
3733953101
1116411525
2124003713
1853503762
3987755813
1382564106
3772309008
1392124662
3111627294
4044606294
1178037634
366525047
3633296893
4059481101
2250165563
2616784731
3147535687
1904119588
967872788
424254742
4098006394
258329861
1997160730
2830449705
3399637354
3296174941
21573093
2647221338
2720244247
3776618955
1743084638
1777165845
3402487932
268490601
3215686935
2230778047
1981625298
837801068
345483286
2273341747
2239729190
3652182521
3450881941
3278968860
314175044
424725453
1672459429
3428529040
1599371648
2564339276
115590728
1811524571
2172990135
2021584114
444732873
3422875995
1557326840
179076304
824490100
3879942540
4242604250
3152747470
558750000
2646371103
2171778400
3788568811
251656935
1002878221
3452656772
1706573631
3051173433
129994713
2364466216
4117693989
3528997748
1551033187
2269694277
458005043
1060668937
1886526352
2042636166
1021950808
3805540241
837586120
3426345744
113600251
1543462467
2963400352
3051018305
1305391456
1282587111
1917858173
300715556
2643779025
2543943082
1000405673
2137989885
2327872992
1562086103
4173943452
1241632197
2763786360
1743696783
1565254901
2493181300
1481188541
1435992080
506258990
614590828
3086651687
198691164
188839759
244160063
2200992081
2682979843
278131332
793394990
624433277
1392449973
2230214754
2763959439
3470835244
158343229
2216553665
3916649175
2620889289
1845745372
1077570245
2806263746
2265578497
4000996824
3069459316
863448716
2041583181
701663528
371703754
3878537227
3486684445
162157382
501714445
2476103141
748556431
4207815660
991612124
2818970739
2046212206
1225841025
2591004854
1371790315
3506240379
4263330241
3390901747
180555926
763959348
2241631311
4263959953
2337204987
3407389288
3990883965
599446115
1405640783
297570886
4114228433
3635253274
3827167823
251301956
3072142970
1470017883
3526423219
6615834
3331429449
1637655404
1996476471
2063055591
3320962127
3999450460
3936182104
3233585331
3633007772
576588328
1264814524
3643639524
2522060819
4119950938
1306179444
2860452135
1787259628
1306729162
4252040056
3697803249
1742748669
2928731329
2618193223
3461266627
38082694
1488843961
1702332658
3894919838
2969438038
2488755605
2843716292
3083563320
3184691064
1692476131
1109384043
3360209114
424144636
545789655
1367991857
1361549848
3629422722
4061867
1532317412
2961462586
1820747886
3700761269
3355636326
596424586
3942514081
1559166795
4187873662
3730535877
378988580
2223705198
1514230007
792555495
4206689196
1289497747
1699334561
3121727848
3412482263
775498566
1226405339
756016006
2371260292
1172802289
3085641565
1263302612
1242570141
901016670
494849437
4234276889
4237174449
1038232697
2312476508
3749455888
3833201019
637868942
1988895457
231042525
803713987
1226183200
2745675988
3401312724
3360305960
3057562188
547108625
262073917
2068297330
2494943332
1909255854
3334307903
1174092968
3361536235
3123088952
1136116827
2635846879
3838451529
2424421729
2577864907
4166339014
79431214
2015973709
3481133518
3134047542
1797094134
286329906
4032373440
2206507670
2107624943
2702000987
990682974
893362575
857759368
3872456484
3726929817
1477986189
462483348
3241200599
3161204672
2673492960
625367947
546311778
3019032980
4210927666
3650961150
3057295509
118764979
3298379913
2516380350
2879052845
2198358686
3265012384
4185326407
1455581669
435361856
777986517
2030163984
3733242039
3422485314
639179704
1171732151
429776225
1467360529
2078855388
2050050565
2564080838
4169356248
717593217
712224919
393877316
3756032523
2366609675
2432796284
2982716536
712462838
1855806205
2048453454
281470720
1096637294
1143379552
2556934294
1053848099
1868885175
3956050388
1803701794
2706719222
2760353916
3457529643
2217947218
2543285715
3170310433
4282368922
3400952776
1688650428
2884807457
3706390951
526192163
3125251096
4142869128
3074313823
807154535
2619056609
2221526924
3530079662
1694544831
4274203839
4219214269
2586363685
4101005662
1086387912
614343346
737497894
3964956279
419286349
4185458136
136597893
3055095703
1906736975
1929568059
2551224059
1985400077
2792590403
798977804
4056802233
1052423303
1338073887
3228111650
3945829937
4027363173
1593020811
3998911405
304213954
571231996
81189723
4212119784
3513971417
3760428989
3448622714
1650900282
2514451281
1855003671
75729558
4070529217
1467146004
2645594016
1534516585
697189794
3446236710
1620971304
3197780814
2018677843
3848266093
2766685389
157254850
1662647903
2368840935
2311162921
3790246566
717008324
1790321398
1753986119
4217551357
145730032
2029007817
135525743
3612348564
4151386790
3915843804
1560538469
2668147353
3999868079
3671804358
893490250
1717359678
4218942356
2111815018
1820534622
3897610100
1519172013
2112265044
798800859
2667771976
1501267659
3985748557
2652383805
3429113762
2044224968
1275776324
3009947733
1063607718
1641408285
2989354869
784970915
1981218658
2173419289
1439244427
450739243
1834952236
3598514598
3210712306
937029454
3793623036
2747549364
3104647873
1671725949
2100076979
1036165281
21244463
419786932
3468251783
248639505
2122818865
3157273755
2534083972
4054680074
1343440462
1310664741
156702806
1926297007
2764508382
287409663
812394151
641830693
1961501213
1981112451
1273200591
4147679017
1940100246
612037064
2438377520
3411956748
1394785279
2832321885
4126432834
338297185
4098703307
4174527480
551540541
3996904853
2757598402
3967305598
3925457449
240508301
2772331577
1799244047
3710995886
3101719778
1239059706
1016317776
2818415375
1438814356
2759350527
3601799023
363775542
1483952588
130624627
1434815211
3310841170
3023943682
1358539447
1284669506
1979106623
4169307780
2209068107
782827313
2030493261
379984959
1181000730
1144596627
1550024958
4101950091
4253661642
586957660
3393020018
757880254
386871835
3080509786
450939413
4154865867
1075673011
1313659811
849054422
2920859516
2227458277
2820210496
1801609702
708319252
2171493067
81733732
3726369053
3799695089
4241849297
2333301554
1296476107
3237188171
1405597504
3094928630
2586975841
831431402
3250743824
813534319
4250740910
3814908833
3181793631
669086122
2179414804
1061447433
131735490
4082392145
9358777
1276962858
1088883178
4165449153
466685273
2336348382
4036765159
1875507866
894060339
3265275405
698108985
1783148397
3224280508
4290010636
3443987916
1077687710
823542160
2813099044
3691098818
3248278943
3108915227
2807000227
2230139408
3000196867
3409847184
2679701104
1126509070
3711913148
4016215074
2633119324
2836646714
2252227771
2153520313
2411257335
3324177880
3599195865
3086280923
1448173438
2821449629
1887957940
415087915
964216620
3142441330
3143900474
1520576671
2856843603
1289864548
84599583
773557379
2295724726
948170155
3774535561
1178402489
3600447732
2853701374
2536035915
2253347089
412408974
1619169662
4000143467
1326095344
832019404
3368294819
1172469179
2995592440
3301133270
2618949711
3695206300
1665326175
601194261
2793577018
1276405617
660885577
3051435284
2156422386
1340594179
3573150317
641100424
3992019394
666029584
3437538719
1888614180
4254356652
2215549375
3578998025
1480867576
173568689
2679896020
2909616135
2971174957
3827997901
1595264938
1105593855
1136889015
1596886018
3664062302
2503167743
3951954672
1639084376
1612408292
3119817322
2334396857
363607161
1140474608
2287731625
2850476547
2843041787
3061559828
3680758588
2056179635
1242893399
556547471
773068042
3929837710
286789384
176117318
1112369621
621876956
196056574
2691407182
3084140621
356361178
1897908148
414288620
3794638217
982168749
2002420818
2268238386
1475565215
1582171567
4175153174
3096844625
3187303230
3082199936
3048212764
1858340603
2040543052
1578014804
3103123573
782192784
2606891860
3937060327
3952420133
1793311677
3317404785
1718293302
2237612113
608137445
318460937
1475208923
4102758159
133985691
2939771500
313675721
3889197708
1270966364
720801020
2386624429
1561850892
3968691303
3347987738
44702237
3047568439
1125315780
2977746599
3968003478
2523957426
2396599462
1276171070
3684246964
4037551996
2479818380
3305651390
834178171
1405591869
2325414950
1863135753
2185201651
4073499084
669972167
1893533059
488527331
2220589409
2690520962
1817637888
1422166466
679257313
4096269929
217471563
245949413
948223278
3468904068
4184673222
2557797935
1481714884
1355251188
3362003819
3587085088
61678906
1586678909
3034996670
3012050080
2655284077
1564022000
3486336189
2194941258
1218862839
1916869883
2239615225
3487143673
1728594731
1400439625
3333858680
101571032
2280572128
3037020278
3440329185
1831097277
299561226
3175634111
1864922157
4048501159
204522001
3416902608
1329450250
4046962239
3936448573
4146434238
582862591
692379420
1937915175
423335541
3759921993
1692240705
846581936
52435236
3550491049
479530603
4100789199
387270477
50139152
2850397243
1768023583
2835673894
293306374
3169007097
4120706505
1070919285
3704393631
2578997610
3477306743
1293990988
3500074116
684458166
894724180
3170679015
125502230
1123650882
2578596570
1824093150
233034147
2438480059
1292695675
3641762470
1807817654
2926162699
580464158
3559985918
3923333929
3899994282
1217455796
3667202098
2355758000
1854709620
2334069960
2133380574
2916199354
2191416834
2233202032
2026145972
2758689725
2172944223
1005163843
229634085
2138919069
969696484
3023854608
2825074905
1041834555
1013314435
4146657938
585767185
3226801484
880418512
2800956445
1794844863
2304665052
2796541977
938082563
4185058143
990791148
2208172027
3605428051
4262688895
1202921568
625490853
2245236552
1949708671
2990840246
581800793
1808457664
1892195847
3138538802
1179496745
171327116
990510272
1378669716
2304515780
106369938
3346572042
3854739290
676285771
2559076424
3310871425
2303949766
1546078239
565049534
4251184983
330114313
4105548211
641954915
2938549911
4257706202
3669260651
2845967211
3694410890
3659279071
761831690
892957083
289691180
603508061
3812137522
178735741
3577899219
177344690
1201823901
1742968204
2528644958
1353076733
946585068
1524131719
1417434201
1843048916
3434430587
159231052
200430396
445705061
3208365729
1071738313
1108967051
863077642
2199397608
2653424992
2847762670
2969720560
1651843935
803375810
1327229033
886861924
4000358909
3428261176
327458805
2953514800
3609120862
589599298
282144201
4209501439
202133437
970248213
210815606
1314230796
2600565993
3130358917
1656730403
1029898261
1621484301
1763741970
2298505788
2160868024
985457628
3850961615
347339276
1370873422
541870976
1159842015
2852622768
4140161437
3191800970
3531200841
2949700121
4090616902
1476631890
2773471996
3072041367
4200518316
3757861354
4264990019
3700347732
436048956
1686709083
2135952626
2204289920
2590465331
3839366985
2964561334
2654643275
4014791710
647476016
2459159654
1977467053
773150159
1007946946
3852824077
1023961420
1102656510
2871654198
1064792956
2464608007
2630884988
2196304329
1958117010
2362387566
2458459232
2548771995
1575377758
1326886917
417728899
473110473
1654536932
1320219527
3886213478
2565758295
1650615708
4069236955
1207250388
371687577
3432809340
1689780862
2931237061
177173749
3097532609
3537203388
3512433020
1653994659
3020509036
1428910913
1171419018
3123089251
3354969251
3283619378
2687965330
3276525064
1763818666
206506022
3285227536
1195171718
840836404
1028132030
2440389907
3702603902
2169360145
3683518364
861071401
2165950469
2317495674
3552880271
3535153101
2517901464
2186729901
1906400034
1832043252
3034121596
3420352893
2568277929
2119022076
1363252062
109044066
199229112
3151366581
794170531
2533992406
1162274798
2463858537
2396221018
2346340378
1155168173
2027556034
476208988
1567141529
1731601402
1352144359
2323562362
1533678080
3090037306
1397149120
1222086453
3926508166
481559864
2914502446
1321114595
2973889049
2191218896
2873352018
4021758825
1753994687
3905453298
387132021
3259072576
1664033194
802508240
220009249
1931348441
1699515752
2912772465
658611641
272101820
353342539
1305938096
964349490
557314818
3890645843
727008209
1222239685
2412678065
2364244563
2681372612
253199204
1358131732
184986302
230387338
1805187823
26685586
3295436731
3342238368
3264806609
37300434
808457516
930992042
3574963617
2862272928
277849361
3100563620
37831938
2853273778
205911342
3140287170
2997439288
2332631050
1233519510
3527278293
3751830979
4081823454
1700085409
1224141597
2903554790
2947211974
1463628441
2870292161
2980927871
643930060
148566256
1416453511
2199531324
3281871767
2551717061
2762411612
532269386
3380969792
1215573462
1172363996
857282267
4287651519
760632914
3631245742
1049229319
715282052
3944557051
508705404
1663499156
3716949804
979778310
1784745790
3194379850
3730226492
2852370743
3879574436
3207790416
990932227
1073328073
728062452
2884188135
60970594
485956576
373174340
549469817
1553420855
2935366548
606271068
3951922225
1147472872
1770778778
1582221473
3716107830
2153487996
881151020
3906544200
3678150409
2669345721
2182444812
3527597836
1449100065
390323805
2391574992
2537866160
1662134039
451687237
2280830128
2551843362
332428065
3845373443
3747137146
2548433403
713905828
2997727434
4067429021
967987837
3093527761
1841908499
441498436
3536120312
528437895
3699171757
469403591
266605145
607361128
489217940
752809919
465629340
361172969
750978494
234246403
1749665718
3880214996
1510721308
3999567805
689623440
2601692411
1955516925
746928265
3567121343
3627972562
1454583753
1667095764
101468146
1878602498
3133106741
217413486
2234303262
2986725004
4156058509
1530665873
3437131925
1075804566
1024265757
2937195151
3443644266
1719912598
1362984403
827945439
872483234
3575277980
338731780
2436468669
3744388325
3597473765
930307201
254200573
2243586133
1314831607
4196609735
14404364
423565413
1677595974
2786388018
1281308609
2356608978
1581970934
4088533135
992244610
4114763460
2501658767
3559550830
1460096008
168338040
1845067434
1731809307
775503258
2711330297
3688436360
3300090741
2268409020
1751234960
1982473528
2192294772
959850485
2027180598
4024110634
2072204313
3179468213
3408610629
241149945
940298301
1463137575
2361952068
4277936707
1022552822
2105923736
4207624748
494664198
1991363109
3176546664
4192970192
103067649
3548215090
3280768093
3611886175
4053451114
3910231395
3884919536
3929940526
151124232
2961086465
2966368272
3477115892
2446475950
1239502697
4271345632
3976095761
3802681715
1105558729
2806944499
644891780
1359622308
3712319488
4128334075
673053771
1969199214
1027257308
661987068
630552141
1653700484
3862347401
944936575
723515808
1426947469
1157514912
569785618
506430852
1284397771
1468358411
1993042602
3851388870
2019578525
4185606753
151336527
3598620771
1547743460
3480349522
2073733486
2391414096
3582003521
754035118
4101706677
4099380722
2704080721
3222121874
1795990169
3575261713
4182785994
3490057442
3338785313
3664038822
1747062285
1051829656
807904498
2836800687
68628306
1134578120
1963930582
1206319718
2686973383
1493375996
2599367504
1031271786
1044146613
480564505
4284526326
1426245854
532427789
3231765145
950791584
371557143
3288398210
3887712220
2839098741
3408583504
777888264
3991892677
917634472
3994681964
2705704209
3673777057
511002899
1076833629
2861846979
1399552730
203123005
2529757121
338876912
3007521762
4098273327
2571075925
2147669589
3990344481
292347981
3579567278
3691377949
2190531601
2089491275
3465481810
2129049769
1665837864
72252891
3008151151
134750599
2311038305
3045041047
55426318
3862183865
1114951597
1219059504
3572313225
611264259
181589723
4024706633
4003666259
3031411606
3118386628
2856680293
3587886808
2872293059
1995332761
143067709
1172510575
1422154680
2534703807
975554227
4042353153
1302812923
1609173597
3909499681
1070677647
602256037
1552696632
4007923230
4262483357
3129353261
3126603305
2553005122
2940912307
1777839444
2428983943
1549812918
4272463217
2474907200
2409823381
2327995280
1862295159
3330917327
3552221944
586642684
29703339
1256382137
1579608283
1930127388
969462954
1572017828
2901756397
3849789173
3685658269
3429814558
2103630216
1220372830
2529705246
2554329285
3433287485
36678670
3237387206
3500778153
2348089608
4280848525
3386449631
177233021
1300688377
230219529
3630202772
3454491473
3053461546
886745692
4013850682
571508771
2634291627
2519200519
2986771122
3740814675
1320646419
1672975428
3018550717
3095176585
819746473
3460451482
2376758765
2319047202
1136647595
264952375
2552404804
1774826742
1219764508
3986514286
4056847431
1214507855
3922508552
1367155766
3386392639
4256126839
2534094315
2953152484
92780559
408479595
2163633661
2979545559
3100446455
1375146616
3713143444
975748210
1348601429
3012078856
1079839339
3640999073
2663078211
2431592190
1622203121
300820360
1788942588
1963981651
745769317
3010288251
3431843040
2612331072
2593251773
1394777492
2502826875
1963058218
2146958176
2534331015
3876124803
3538596897
2165423588
1562444464
2211444732
842741416
1710086492
2467972300
3106393938
4193749368
4161995984
1920713398
4122886935
3420556756
3838867467
416715788
1471341058
274985918
584668870
2304605595
4266634082
3500034113
1317338229
164132201
2347274972
3088732646
3721753675
366431721
1676799693
1392200036
3083352938
4620837
3376164289
1578095818
1343422155
2522833159
3827360663
3946687783
1568452314
477002389
3353935285
1338219347
3125915959
3855709587
1743135651
2335538235
2823037377
896595785
2712918754
986715124
1551601052
2514304128
3966855494
174968868
875527175
2118287125
733123895
787904753
236324849
839250099
2448562050
504109700
1740215136
3887181776
3207073959
3538601931
3853705910
2954726073
2626872407
1250167612
2105155048
2881954204
1194515469
1734532921
3648835265
1174729153
2466124669
3195753959
1522335883
3618517055
2281984540
1001597031
2800320030
834363357
320359559
3177668143
2573481703
2482782363
2458024498
2843521628
1713463907
1064616016
3130649259
2348619661
3672372180
344005501
3394116075
3743751788
1009238773
1780950288
2857091763
1439885454
2280965200
1529301495
1862197777
3750633136
1799162001
424152775
4233700388
2955596061
4128920266
536199616
2002729443
173675728
3589910578
3061207932
246442315
1293441813
2633058343
2273101780
3138182950
1275906629
299990625
2999557183
590799649
1326248799
3228644647
999856090
1855001076
4068128901
2401534148
12838055
3174932952
1939420446
1935505166
3389561
3245380628
2798560501
3312170096
1776417817
823854596
279945219
3032174873
2160852524
2117265399
529319315
2029872832
3229932066
1340031647
2202097074
87953418
1018848329
1006383483
732644026
3726468285
2702754281
3725471656
2663930824
775597350
3941852597
1069548338
2499836606
2439380185
1738352174
35672192
2897885662
1589456696
1283707134
2161043
3981081079
3523802421
2536565755
680032497
4202936018
2013806600
3192806658
1902365386
1841820584
412416857
3260716115
3537096018
567875145
2106575005
3319089130
2586973744
2596898219
3484845015
1063026025
1035085029
1536860268
2903948117
2356379287
3058208318
306237836
2465236236
2638448995
20874529
3307915305
1471029783
2091519366
1863597297
1645107345
4259283993
266648624
3662688913
3111743411
621211266
513618190
3079633045
314966914
2391984062
309481185
145290743
1027683666
3678262039
3190468316
381951019
3798753480
3888711601
2365816964
617502435
1179329331
2966650240
2558469020
4225108429
3365581346
341228916
3429641153
3447266187
4077006916
332827399
2718853532
3345922415
3736077780
3331953970
2888006062
3226883767
2753298300
4248464160
620729364
465109154
3362864695
3138533606
449564128
1894282139
455096475
2296152096
3421791962
3387584667
908737746
2383728560
1881138692
2070039132
3292697639
3953757035
985663330
2399028421
3688673623
4060968907
1122839596
1772996767
114633935
2190176445
134433056
3034111933
169797885
2069661917
4007211646
557409846
1198203647
551628070
1868851955
3049647591
1095728380
3082230039
3668577919
1033021895
1032647375
2171611261
3235751333
2338357156
1665900462
1566723229
653106216
400562905
1995606456
3768859578
1764614680
1169172366
2563500901
3724053918
434264517
3964819927
627673967
1164393706
2866568891
3590162854
1434412135
1568603588
4202865146
1826457053
2838203090
1451258811
2914256068
856497765
2905960070
1128477081
2563851308
2132364515
203682014
1131774383
4119183121
1915949517
4199054760
348843967
3148276056
381720764
3106050843
20072871
3532351671
4191366855
673716809
2621934688
2667915117
1519491610
3180737367
3468292787
2628038800
901376633
1153738648
2657756372
4187553759
409630399
2567039472
1358159994
138563967
1739057998
4266474609
4251340921
2258458447
2617474010
3819344062
1437387873
3545768342
1477698348
1660049750
3919876615
4177564527
2711664586
3673206238
141007737
200364196
232072195
609036491
2794008212
3314656315
2990862972
2322516403
1799816382
2753369684
1366953343
760361387
3844012526
2211403571
4137049869
243526399
2350938122
964689434
3119944875
944877820
2208219973
2427209378
1934784531
1396993611
1381122347
2462727004
3947554076
427736222
1426174256
1598838859
675196882
1896702598
1568771344
2719235937
2753675197
1811511813
74966548
2799891491
421863770
2904586510
2545904062
2235497756
4088867312
1708932705
1323756620
3994646339
2260719343
2487987124
3124622632
430315062
3160431056
3818834181
2131344940
1968447969
1641832050
1507824066
2700635947
2207579102
3574858147
1865797297
3214014663
3334689846
858008119
3786093334
3682477846
1254821045
3564625763
162926472
3793571785
3768293585
994835660
595607183
2475168086
3003733787
2334127454
3703707714
39910585
1111147786
3319056183
3857938395
2033401360
2796609562
529754372
1301916516
1391116279
1993683624
3441119546
2296649691
3622491703
1952591059
1968626012
1943401598
3379080952
498934016
582545942
2308222463
3518812392
4176105957
3181085344
1759879251
2172068514
353712111
2312674799
1295044149
2016072334
121578069
4047209714
1067121932
2936811216
2696844061
3186776517
312772333
1558816449
3372565678
2658296041
1186290133
563506252
441345194
1021420979
892064807
2047182429
212300522
2225516032
788209321
390055989
1423112748
4139540361
1719353010
3218857706
1595003981
4000384392
2616555094
2173995893
2890535389
669739604
2194525608
3484377153
1088148787
949346718
2465878492
2769926475
3982732685
3023280116
2640458581
1164655295
2207302962
2977173858
1743593341
99698450
1096476112
251591708
4214708672
905544250
1596931285
4116057831
2564605510
2933025756
567383062
1948349875
4250065353
3753834043
2814677019
2376241256
2403479422
534692464
2126884621
1560156961
3521563018
3269539765
1089377925
1706316662
2214254025
2321076416
1895543211
3650052893
1176884941
623867701
2756537920
2774546964
2056470317
1928164165
2635427918
1037523886
976567610
29351854
3974891269
2262419295
2581082310
2632711779
1295540651
2751789362
834148483
1062836929
4004850308
2496970187
73715098
3465057379
3799821534
95830380
3162166023
2338186115
2840680181
4165729733
826742278
1034394267
4027372073
4241506844
1076497079
562032517
4104442776
719858543
1069457637
1442124257
86205280
388282943
3558618226
327658613
3851202634
2767177983
2387926378
605881289
2381229450
464872241
1015410137
2714672641
311708260
3624818787
972114586
2181172701
3421585161
794492760
1199207427
2146416390
2724801688
1326373856
2594084953
2279183329
1999789559
2450735705
2877609525
4251576558
3615120914
3613178063
2057973941
702653382
541713082
2539165376
30957693
3653892906
2818961316
3928941139
474165327
2757068494
2565521810
125130272
2887786310
1777658005
2605183091
2353797309
2730804975
4153455216
2608079938
1288340673
3421644937
2759092182
3660823230
987482086
323754503
3097441939
1328660608
3585172230
3575113975
3492762220
3045334920
1114443769
1269788572
1922903885
3714501590
3420422863
2358659864
654378481
1027344462
2661096144
3376864558
1008415529
1087034017
3001446227
1823768913
1545344989
3282288936
357801083
2265219888
3453560542
2554580767
162921842
593001842
1328802934
3662233686
1478977430
3886036234
1356479464
4039326961
3049655591
515429571
3911939741
2486287625
1254824120
4017531503
1010516208
323213302
3163091357
3563029464
1067363060
2652096342
2831668034
4018167612
1576114436
1399052668
4163388538
1306733435
1958065729
3275212795
2952723141
3301764412
1517004926
946391864
2266081912
2751058823
135451877
3730327147
1178956039
917298709
3134991101
2654993228
3503270298
2324415350
1347119422
1081409618
460685665
2197719081
1908490505
3594566357
3964137390
1574330247
245975084
1216174973
1653960625
1935870082
4204080966
673836610
3487003351
4184371634
4230967984
2485423912
2722798651
1519265133
2738359902
2029466697
1544320986
1263770651
2654659386
4014756788
1017011124
3864156738
3933919517
1215294383
1558147365
1564928419
2872837748
3868904162
1984168263
3002571942
4055553917
1466704381
3243631079
1116583954
2777279410
1020604552
4029037421
237637729
3534495423
3124026406
2066146803
500954353
3926812863
4002683213
438382591
888965636
743282121
924731197
3028300135
1166004956
924053181
643900468
4043581912
1015563306
2920587636
2544657158
1390829961
1597246406
3079099555
3679856586
4008483378
4094928629
2221819018
1429082565
4050253103
3195380175
2595459293
920178176
398008698
3967138688
440201665
4010384835
3710385133
1534680156
2342697602
3455296434
3846328453
3596091710
3600642383
657765582
3742092345
1527848366
2313878088
249882675
1320061651
268902472
2870066747
2492908071
1047869303
230504576
3644883703
282958519
549798131
2169560711
148371049
4242552553
1338531017
2589683400
3056602754
3254608589
211287819
1490981816
2071190830
3068125658
1080353558
920452533
937585480
935897063
3723507112
606882190
2410150723
3191017942
2212303751
2862564556
267478479
57218115
4079152345
383318486
3786025143
1474977044
2417767541
1358359074
1140440768
3828246272
3171297618
403565935
984763376
992123111
2949972379
2350135564
4080149371
1306525435
1628134592
3569712222
2365450558
1461186143
56171382
2466687035
2374260701
1701820829
1419726384
4114725173
3831898764
4010618563
3810937622
76930324
1820593301
1547779559
2317219154
2085956470
1388113206
3968695506
2220784538
2455501304
3664900760
3964268461
4159938892
4029279060
643028697
3791038005
1671250642
759158421
3258145797
3563075891
616719409
651110273
3512428237
3781041905
3266783343
2639734989
3687876475
1950076098
1615460850
3310694942
2738382887
3491615416
3485645544
1422029907
2029581538
191828413
533282554
2417918183
1050977452
926381840
964443622
3708190751
4232747763
4009402780
1447488812
2510834000
991956294
1301223514
2639953113
1411646065
441445740
86209339
943260725
3972464878
3185241609
2497356336
1923909797
2354294570
840328317
1971823322
2965351355
1191561497
2270300801
4026511700
2970216347
3008785192
4216477119
683602477
1399759957
1494793221
1425358720
3258507905
3789780365
3119148857
4173802011
2566409519
2443084689
2201152985
3191561567
1195074202
41370705
999590277
4054343008
29302524
627204223
4190635129
1666031573
557211109
1090332000
805756774
1062101318
1002388055
59424047
3960903258
1841811733
1364768100
3267713629
2205239100
252834952
2357703960
800341366
2328662529
3969297811
2178251616
2604494704
4270749020
850230869
1480925651
3214228671
2939583431
1103011636
2405160159
1348826066
424984001
2872187254
1567852012
376974194
2883743046
655170274
473818160
3886850520
3266520146
3553924649
3308010210
2408392981
3190751783
1366122638
482784427
3285767718
3447084235
2620252696
3845232543
1341032461
977106184
1956253661
344340457
3902432287
1451559904
2715748095
2615036085
690418350
110016250
1853644966
1859505162
2627633474
1384714893
3850294968
3571011034
2922620257
681890892
2258053619
2630733754
1507530628
2514578046
2988393444
1000112097
970225354
1496465982
3483210285
915247772
3691761454
920058635
4264894896
686963433
2535744387
592322265
4008920755
3929842777
2519562921
812162196
2251972919
1047064938
296371825
3084585621
4151478609
1033135527
1234818070
3683537111
3767626524
2819710904
795852999
3889969219
2203389964
3128457488
1840751992
3131153408
1212561114
2306136630
3661894571
3282578020
3116524150
3927390739
1372655394
4292780439
1218391328
45729124
590401817
3737520026
1491194338
2219969203
4061515026
506108602
2579698964
4224763449
1410949602
3332797872
2192487195
2445347749
839061586
836561848
2047325259
1288083155
3619382494
1169657283
3000246194
973534443
1976040077
4092163029
1627974275
3409618462
37193151
3973430822
462258594
1636298568
1346630148
3265126109
3359881852
2636453586
3827634621
838182993
3897651037
323453528
2345219548
825984596
604974301
1832969918
3075159305
1756927964
1076142122
420577656
681037703
3721244540
1677895500
60271502
2343398285
1316932630
2454645992
2669193362
649885631
1627134928
3248862328
2768465784
2575582348
1863083345
2005979508
913521145
2707668709
3341649996
901121011
3995835718
1902809714
3701557129
1336947462
1036390122
1681240626
812371928
3115316530
2470677859
4262722822
1748597550
3158096266
3159494654
1195326193
2156410800
3477322539
3604021359
85369157
929421865
92305520
4106147432
1910967520
4274795134
2311616342
3957197039
953950410
2166892364
3924532866
1293067201
4236304503
3868034132
3543710499
1616291477
3155960962
1496617051
3845396478
3751799485
1119558058
1748037650
2316763574
1301956371
1177528918
1046932985
2911876396
774287344
2568472937
710056579
3851494639
1742953721
377787802
208067569
2421008650
3044062020
1676382291
445838932
2589238356
1406381124
1961303770
197686097
2112501198
3205167595
3462482652
3205861192
2053221429
1848528666
1269387858
1431678908
1814211843
2487583258
3375993290
88553644
3892335752
3768046892
1827551045
669087910
1950568626
2521949127
1160957507
3551714132
1119965609
2852269097
3887591387
1956793762
1116743880
2147645560
566729368
58102929
1424382039
678036170
3356615862
4212865876
1546495414
910697759
2175509877
2184291603
187866498
2720419771
1493898091
357594272
2840125369
1518772208
3672921353
2399577034
4016171897
1854980068
1411158197
3259071990
386510906
592096242
2853777208
3524036228
3543577786
2952511818
1243182678
3102162197
1075556734
3767472352
4251560533
2351345029
3142342645
123404968
2757973201
4096212604
3442297424
4135750749
1453216016
1263468981
94254538
2794621412
3374983835
190422982
1494170946
3493089712
907481128
3456176123
911691922
2179456581
3799370428
1257074888
3474988286
3852253452
4146790298
942837028
804552431
2034919562
2726338999
3965831546
4105760820
3639037584
2878449929
2215923302
4103236510
1993045142
3954789181
2045185678
1008503019
1569731339
3697554633
2874985609
2836307036
3200833439
3221582167
3628711618
144144175
11239562
3710157333
2416706173
966555753
1926798655
2360144675
404740023
629518754
699196608
1763904899
1274614291
1825357444
1927675236
1500958563
134881262
43040815
1678416080
2338159558
3039393967
3006086115
1113617121
2743485335
3589938624
3707098807
2796755784
3097801940
388063625
3604861758
475640882
3370585700
2057129463
2038986082
867749931
910278708
2344037979
153694936
1113454317
2829138620
2956344040
731056210
3302785330
670421178
1220399420
4254533806
1356350559
474566155
2578669516
2060295728
2219372256
287935328
1358441427
561725165
3474187018
331588509
2916919507
3448739568
3287113920
597081031
397348152
1042270163
691298938
2580534288
2979328714
755978155
2345570691
2796082102
2831562127
2112250802
68103521
1464494910
244857598
3216969318
3492401828
22788049
187895386
824767514
444859158
1162101416
976839229
821984631
3694327244
2980015399
3052379071
2001395255
942534704
4283158226
1291016017
2713115823
1799008362
3237427818
162834100
945777676
790269475
3732462428
150882449
3038569042
1156513514
2442645305
11405958
2155479417
720693954
3224565071
3992467177
1576753910
322207987
295604815
1027459509
767198600
296854988
4238024700
3556943098
3758376758
1794386263
1622076934
1137419395
672069972
67783782
1703062881
1598568146
287984244
434850090
1251782829
210770849
2451832570
3877577344
4122840485
2198779977
3976546777
2813437446
354217766
3682992406
3110957239
2351948069
626721535
904998089
3716146199
2569174594
1522298765
3040870507
2533237728
4048823983
565612792
2282534053
2646151878
2204141394
1065897494
2565249167
4074856137
2472081303
3531656005
782728352
2101102391
1932285037
1054980997
1786050599
131771554
2693042144
3053485649
1246695588
175992722
3545246138
2043789896
706601012
3872003552
975788370
438937475
3916967466
1339091280
1583973081
46449186
1488272396
3678785204
2041807571
2589127331
4165378888
3799128726
257127357
2816783699
4219487495
3344045778
1520529703
2407847058
3649583338
3786181771
3771386188
3040281468
969728058
2440681260
3731104934
821630822
4283767665
2698973498
3576372482
3742158894
4017607371
3847404810
1855966785
2861624749
616766653
3546873958
857445064
3733034891
1959297431
182127206
1564044212
3611825163
388734237
2754650220
4111767636
2344576954
3811492762
83970879
3982593956
3346391185
1938751990
1569857892
2389758485
11963063
1797848683
1600505898
1494783519
653620346
3972068843
1134481945
4222403420
197377189
2963379564
3986749287
3641183214
2399073444
2771412854
344685108
2648963068
3568741612
862527806
692445568
3670408702
2834929130
1537574812
1381926957
3548081461
2188129112
2728540122
1084085348
2078881525
3744763388
1699986290
3342449259
2580553989
300710777
1644515636
2356756810
3807251355
1151712583
2749223681
1514304254
1977117356
3965428697
1629846325
3425347995
622114658
624680340
1132500433
1885353975
1655467226
1874306815
2322577425
3001431412
3332084006
591638050
516597863
3727882859
2433717984
1871065632
2902064225
463818138
1420058929
651048340
2094695597
437992162
173618845
3678318299
3456362006
1866667307
3832742436
2374419262
1179094671
3818440524
3421253623
1860763695
1847553381
2956131433
695282351
2100437917
1169592724
2891501092
2610692404
2030628074
1259248108
1850330921
250457009
2265012623
707346760
16128009
2503101155
1948163138
2539259176
1465924729
1175555561
3031217002
1046740752
2519220341
2644434955
316255576
827086981
2199351097
2976374065
766042604
1918781973
1644090508
768640879
2294614569
2666237121
2848284029
2284220846
638254329
24009567
3359895330
4124753757
816732151
404101261
209031619
1680435728
2999436033
3457919197
2010988666
3629651344
4049212108
1104022857
2714319929
2323211337
1487886591
1218536938
2074222810
1424694784
1237470446
3612235230
1530595745
3180430865
1089035981
2771957726
2992882651
866926680
2829931682
1154002139
2200360480
2525625948
3922410300
2523139673
840854774
4017754152
878672509
1635412296
1935776945
1299601882
2326843739
1909657637
1511356052
3798307412
1365895995
3709349618
1942302026
403609459
936597555
2018439725
2381903326
745540545
1560108588
2053153660
3063834518
2296460939
1051689163
2026629635
1289354928
140815234
881863438
2418122473
1746900693
2451600352
1605554584
2079855919
574631882
3414576067
1211453769
2202281014
3471499733
2161380933
1796079671
208759828
1416746416
3456981695
3965874576
545603536
614995045
1902040774
3032516050
151967188
1903081854
192630596
161545102
3447022168
2843337041
2927026484
3468966447
3074598625
1812117699
4204768001
2624919719
3561710911
2428348230
2147186186
711542213
2033974457
2557195617
3063663084
2825650530
3991130866
1106072184
1890321754
2358030809
2449208906
1787654164
3748790619
1976537440
3159725139
1298162807
3674008391
1747245857
3606895192
2227968849
1248435406
1921857848
396863622
2890495982
2275705609
4253414468
2805169035
19154931
3576342220
3393220917
1525147462
4240010629
3308300079
2370404831
3513170462
3601378164
3814063257
7997038
2644998832
66119511
3097622781
352950454
1668943539
3697110300
1939086190
4182785600
4113512477
4078763317
53610375
4004437065
260214177
2788174198
3925576985
1845232473
2891872271
759371589
2597259697
45866723
154193369
2924616919
1181607088
1938862260
2183721535
3760490390
4145721143
1139814787
3208862525
488431714
1646057014
975101380
1600190408
2794125274
956637848
3851478373
2726690748
2822628843
453161209
171051167
1215494123
3520611558
92370246
1256552863
3297871024
1033158728
1868647456
4177971217
539897635
2569588865
3969323685
2938994528
751596109
1793419917
3102802551
4078252778
3710733448
1459891676
99423894
1796524415
1005007759
1606656286
1024581175
1178419312
654240210
1866404372
560440292
547767858
3913236600
4173276512
3876791296
187533495
3168542791
3638284125
2444144273
526917442
2688293558
55921489
1625196593
3140797849
1346680098
1598020535
855589834
1919063490
415472051
2507092294
257748268
2480667675
2690030545
1254914953
3558739855
3909984824
1607906535
3643371755
2042468626
3006525639
1571160373
1562241653
3341571466
3768279892
1360949733
1741969927
1691724764
871834154
720003694
2872068970
2459431215
2343944420
1708031629
1575722356
71398866
3595169754
1699975124
1645092522
3598530592
19625368
3633489399
2778976757
1260713849
850982008
2241248053
1901287825
2284237348
2916728620
2667448603
1514522833
2172194443
3063743261
4000860409
3096659442
1911793271
1408823136
3044825334
1230055245
512222857
1418050445
3647097923
1763787419
2842887277
2066385543
126729994
3626437317
351413715
3287799127
1237413776
1132011375
717382376
4072125873
2183372285
958967533
342233807
2290325856
2347441640
2660922287
2737889999
1504242809
3029814856
1160165535
1521788209
280804376
1185258869
1616306472
2540344245
1558787836
2960721012
2860923336
1639517492
1111126329
283573778
4009658190
4262206735
1938913924
2595693066
373646812
4222700843
2605497659
3604110019
4203414495
115661120
868952577
694264274
3728219143
2549821921
2280610168
328492210
1521192560
2281612087
1255583246
3331269263
1115950190
397135810
2554106833
327332310
4161380243
3877596313
733552332
3097808099
519353511
2654531567
3302967512
2398757001
1186405854
1261823709
2112337421
1992495885
631483858
3944920010
962179505
3437740670
688755811
3861907858
3000784136
2834326280
2153336006
3958156162
3983290282
2749509010
3288182743
4095267925
2903569001
2746412110
613030812
4050292678
1019266199
2944897372
797496949
3481138270
983687343
2739437636
846531257
3875342604
1785838567
4048832763
3419303552
986307993
2935665421
2523608300
2566401771
4233467837
501492467
1459988570
299695115
3421866542
77807072
724806452
2193722267
2783709078
3529380192
3622956868
2266302259
3659200287
1876447797
1302344543
454355046
3284366381
1771382948
2315210903
152098631
3103747796
4033545620
3358322360
736888202
1618194938
1307450681
3705246113
1242949955
2824136494
1541517316
856715225
3430287524
1082275858
2866582935
4069690746
3879076780
3962092798
258262469
2473427019
1033193360
3208969317
2576726371
4086863344
3187190222
905686104
2988364429
1943657277
1619983462
3225072177
270262587
3015425776
3863811203
3592706522
1990955266
2869848861
1290602483
1040321771
4145611210
96295199
4126525486
3106564514
2962631558
2688794006
2977587048
921941116
4166362040
285178196
2912772053
100628072
4253297096
273477622
1511484085
4179378094
1693983023
1813742179
4006661295
2702639955
4078600591
3620977083
2917342243
692086133
4071146085
2875944913
2633999330
500130
2941555026
1304423634
1456416453
3661926141
819021126
3313463300
3966927696
793002123
3166995862
793045868
2245217951
2803137292
1132907087
3405097096
281568806
3649940464
3663286195
2959142653
3562846428
2903829771
1052650758
1146908352
3473745012
3162572230
2069930956
1812130300
1730247059
3151757813
3148714594
3356662836
2618715535
2431636269
518770575
804276389
1736176312
3630688049
1815142318
1518510431
3163981879
3396487869
3527233627
3382762981
176306015
562934194
1055061571
778261109
4261453202
3085457845
1728342211
2229069695
32213923
1953666723
3306325465
3891200419
1707862490
1067440200
3501973750
3201523901
2709983151
2385360981
2299738937
1422004191
3248169695
3048569465
3935552981
835419385
4236013346
3055563629
4120202724
3426052003
856059469
2812364562
683609808
2784737997
2792669779
1507310076
2628196661
821677531
86979490
314106085
1856640110
3907367120
363014564
1695200217
1835611808
2608925377
1321428769
1716195401
3242417629
2997087657
1996677360
2926766118
1831679156
2050126624
3821762051
1201323718
2361180971
1752057204
1855914388
1431821520
2083197310
1375222565
3234434688
588348047
899282368
2632214397
2448950111
1481502759
2293830687
2474368450
744531731
2821487125
3859139180
2538623374
1904213456
254471068
3588874785
1975888088
497723423
508031482
1061749685
1944375722
3899419021
3099028291
450992152
3754802928
1037921655
3598282399
4249030626
872859587
461934309
787623217
3979920736
2287640585
213281390
3151057134
1326136144
2298582371
1181451672
669586772
371144870
1522436
1615422527
136815204
2842903206
119601326
2500343503
2944594819
2808325599
39057199
249551404
1077562009
2470979118
729563926
1819074612
3094355937
1315122244
2000169363
3244228983
4026685954
1698193511
658089588
3338585808
3943666497
1329050443
2944928604
93964435
295229712
3103122472
231365293
1128379454
1813636372
1755403889
101828306
1304610383
2980503000
3211339625
702799775
712899880
2242380274
2253178654
4029271578
3633481330
2103775797
3409413619
4118314302
2840085097
3162967725
3539460656
667425728
2143630388
1796228418
1915872730
2752075322
857448261
357622705
1802001840
3387311493
1493271892
1117923530
338357715
32058392
2550128421
1928736098
78920937
334663614
12295533
3747122752
3440847119
3842772208
835632962
3364189745
3422009538
923168933
1555497596
3212786084
3754153226
2049223362
2191379414
62236836
4050600623
3760850441
1372268679
4223830726
2678764729
1062193412
796637808
1046261381
2922562632
2115952152
3997495369
62732199
1369769114
880879368
2294990896
567235190
521152899
1766794575
862999853
3937849465
618095748
3992031294
2064363398
3260914111
319160732
3931359288
1160623629
2635316309
2802219037
1309360103
4149018673
2666766299
2847478096
1801530253
4218780875
86444486
412243077
450841884
619087925
87093101
106742680
4186618297
2863327025
1809635699
1623343988
157225016
114268983
1267387011
4178350274
1832693617
1908790616
3664211926
2629586833
2141638697
741322894
3011668578
747979086
236640776
3667753645
2201533639
2093091163
904919138
3347330148
3515954865
2532558274
287008191
2758807291
32675283
654663300
2616897107
1433321285
1192579951
1425151425
3310403836
2791281098
2259637349
3269642172
3255118050
3836047804
3365010602
1007268692
1715674114
227693255
4013733417
1524491556
2430357074
1595584648
983093537
2075607855
972483457
937165120
1096934298
1441943101
2117632683
3762787257
1644064865
4236723941
179011993
1507787468
886308013
2804069287
104473630
1254371268
147682646
762261550
3646284576
911642920
1754167592
3783221627
1308189271
2862540477
2884181620
3287798264
2694621555
763279886
693334565
2357952953
1417488358
3499017768
2764241684
4179865696
1136651560
1438338731
3737132280
2433219435
1950596275
382936099
1451128528
1333495065
1638408281
910605375
185024244
754246401
4247600408
3838579102
127049601
3228943031
957726476
3165785694
2153844258
3815143933
1652986645
1638016834
6348213
517470688
4069371333
450200197
1367485068
1749529035
835554361
1925000
1499296730
2806549260
2769316853
2089533116
3497936157
1248456765
2176968800
2669928853
1115350913
1042446872
1725615596
1964450571
1237073310
1486597498
1501399089
2767856769
3058606476
1350800248
1288084547
1555203050
1992773066
85516728
2838841512
3185875384
1938692147
2879155478
1864816759
2718958015
1538096834
4259411766
3276585109
961801112
3765809669
396756013
3943907689
3501476793
3777092296
1948492135
2693553394
3979197638
1747013650
3242826610
3796414132
1960245158
236572203
4081398730
2602312005
3709444945
673364661
2499532391
227849741
4016924961
410471059
1891467464
1041327024
121224070
270161666
1352431670
2824409255
711594953
3986213796
233517029
3708769484
2929928874
3158756109
4226598860
2998923902
2067608782
1094988865
3713882190
3877078002
1282988443
15759507
1434038956
3222212842
1414176119
2433486448
2256845912
3507900707
1544346974
3269393165
3313249409
187264105
3132017272
3716186477
3896763952
3188245809
2892363222
3515635019
2295135093
1775842531
965424784
2534796001
624540391
4030513475
1965435312
2872523367
2533297761
3371876674
503139160
1020698968
4108403719
235283873
3334095516
3139805096
4197617115
2929194425
43501822
2284274631
3977538076
3571251180
1493676289
127397829
4275020986
1399156024
207592530
2834414254
2085378142
2921082098
2384779344
2685831527
712708074
114233279
114829048
4002944950
2410742654
1011617406
140052265
2367729345
3457060888
3282186644
3475278659
1724504675
1910263783
1863285853
702302006
1127055507
1886740583
4022283315
2949395625
3001204185
2691965054
2347061823
2284880735
1644203188
3478402052
1203387492
1216303324
3059296445
3973993735
527978005
3582426209
802803937
4108197891
2929827199
1655218413
4231681435
3224342811
2101219767
2880562906
2660333642
4095689909
1219261141
2224324599
1762395928
814868906
2995204412
3469142382
149289588
2523658235
1838600691
2151841959
3898928569
2419187338
408058547
1728505454
1400837314
1096491475
1722572652
1079788542
2784585258
3376877494
3406890145
3896851325
3332235683
3752773558
2732669866
3589368846
698794850
3309794012
3154194656
2217615680
4039018773
2294485771
2479315609
2870552566
1439069479
2611305129
2620271954
3453539822
4266391336
105404439
1708793233
2766184900
1953183898
1627575867
1512885078
1739071749
3099761990
1394201303
1009010940
3675907321
3122624225
3309233770
2781060649
1495171563
3998822437
4239816726
713746176
1026871305
3038264647
2977447198
4036690546
3687621667
1700264128
2442314079
3749963270
3539459981
2364263157
334032136
2993957969
302124075
390619363
1424739862
3189680714
3947369350
3569370036
2666520403
2014660378
1225942273
2406380934
80423598
4277546319
849184250
3451689683
2169212302
2074043724
4093372190
41966512
457746034
2240386500
2353381328
3061659373
1593422807
3324316096
1671706102
2362938178
1295994724
432647832
411696407
2206694838
1513342326
2695870602
949736834
2485902770
760629911
2479047230
1279133269
1039770821
3674082786
3048919512
1156230704
4038208035
2337099642
200429808
2769368330
275049674
3330741758
3039702549
1004213625
2331424023
2837563437
3369110969
1292315399
651786676
1353546614
4163144553
2609685500
120369868
3280688466
3674480842
778710687
3913322820
82525220
1234272090
3709554359
4042945306
1284856996
3172773963
2655343833
2644768923
4073634359
3157866183
2348417234
2039012501
2976891153
3043571539
4223686493
405934327
1314746297
2751724285
2713789970
2253720651
3632973862
420240784
4198740274
237197622
1381717967
3350727746
3954783921
348851867
751870182
1586751058
4236878965
1481482866
2153022265
2166078799
1035941510
3382838288
1358192358
310769319
1602629932
4074567938
2514953809
2633320448
3639857974
2269204413
2450413576
474336016
1549019416
584934456
2214792552
855602219
2382675534
2267707889
3182327752
1686067710
2431012738
4078192819
1738839259
893488071
4037588408
2159300556
1517920727
536618064
4051168632
1535729834
4267629184
2143870120
3141912147
118173763
3423464723
487188879
3312356492
661574935
467462863
322797531
3726053894
636264053
2744655869
559580159
2915269809
3006546342
3938045956
2402037059
282851882
1512786595
947074783
1055269616
1534121282
1082898895
1012984878
1814021763
410364871
1381439067
1759932430
422088221
2402273192
2389502688
449511508
2312528751
1175748160
2433496861
1545533274
175544925
2966480966
3970151677
2783581078
1005053640
3863984834
1826935605
1479543039
1471627855
2315968349
63048971
3425173865
1671334416
3766216637
1885216343
2366107395
3388290760
3796687638
2469953607
2401471367
2490334750
1727751412
3314701923
1311237375
3613546848
2140818606
2819165754
2883399088
232842687
36392476
1912336978
626242854
215802608
151322211
2660955834
929394500
3055339049
3575443906
44198300
2013544148
185366407
3111338652
1550272279
4095711115
1063522418
577926261
1145829752
2566668726
114774715
2092587742
240007370
1041220852
275862105
1396095927
319011836
1724735769
1398868610
3142786745
2777577789
1312115930
1884941186
2950847057
662802416
3262063990
1067825443
3911496570
120951309
1979502251
1243287050
1738459499
2423578979
2912075904
3024253428
1208873891
1055320536
2063840158
3254071512
1230266253
2479152670
1180194300
1522093684
3743149572
3237902527
962894109
808001948
4004045208
1751890065
1509886777
286780927
3909697937
2122438450
3004484722
2468260467
1836326657
2497761313
797393358
3725958297
1744281903
1132702650
3562133243
2433923260
3791458128
58169639
488254374
1092431214
461748518
2331297715
1835329063
1180319456
1887028343
3297447979
2961425044
4221785253
1662640034
567855875
3024453513
3578452443
3144352136
1373780962
4247100676
3499640445
97235639
2558082828
3246036642
1459685838
3542600621
1492691305
929707899
2085371775
3365762349
3450103095
776307581
1246111762
4195694590
3150329216
469176947
191976252
2015802042
2464086536
3241849995
690167911
2866784358
977685065
1329212559
721918937
2650463486
2325140234
2423403225
3374050667
290849399
3474503912
3625458558
3586000151
2313304063
3650056826
3015928311
4134785672
2018405557
598258980
1355706227
2676391449
1181161618
1012477325
1686057506
401219856
2958299882
1188482300
1954774499
24309453
3518092128
2917326682
3295337161
963795148
536173309
2632173234
2881563252
1486411837
3728737902
650388965
1632238386
3171742283
3497755290
3139147335
851844572
3959746957
4037859270
140333260
302053371
2337883191
2265246798
839153748
2192307802
507954171
783511324
1468800638
2374802907
2405307020
2334215007
2607861945
3903208279
1743132049
4270779657
611732570
1328338234
3067640373
2059547580
995290004
4070966008
3811178369
288877374
2805884946
4089147655
3829262215
1324469283
1142563813
2821884453
2732640603
2317466587
1146865658
2566162096
765685079
4199534718
4019200545
3690587863
2697813159
1769877367
1903986726
4067402167
724760048
77834290
4078658245
693358461
524346503
1469870243
3686925785
1415684786
1688332240
219812082
3305277602
1703944311
2813111718
1479641789
1030921977
3123248264
1390328877
662641616
2361793746
3403838084
753195225
2956320759
896623260
13223096
1559747100
3001412512
2502909364
606680795
3145013270
3308208947
3555736873
856799392
2687260623
4186844787
999344338
3585212189
3512838679
3232062740
2196170651
3631639921
3185885503
2159936741
2844859768
1656656094
3335470291
1505985733
748640938
3266762155
2866566597
97677107
3621679980
3063642455
4243326396
876929187
3125761219
1877044209
2189035678
3708948376
3128779648
760442328
1066849132
2879009118
209028479
2077972539
2596106141
758921928
3673301370
592263742
2484224200
2504860524
3501054282
1228324466
4246911722
2800613965
4158865375
1968870855
3294483700
2434066291
3297489597
2179142545
1748669346
751345574
2386172652
3327162074
908833041
3003457861
744812623
1003637662
2758323310
1784654481
520215124
4007470857
2689043636
3620649777
34855743
1840204440
1271442460
4236243417
3293505498
709715868
1373600194
875573193
2008167706
2375943518
838365
3435766661
1243551451
4198051519
1859916595
1592140446
1083864887
923715434
775049032
37677475
67578644
146934281
3143658017
97436192
3909274347
2451373423
425216374
798628549
1348319256
1139641075
2643808111
2619694879
1415138871
2658893316
4293695406
2241963259
898011264
2182760379
1188914185
2384549912
272457033
2927917383
2019373325
1029967306
978725101
3738580541
2188900705
1536123595
3150837770
966006430
1090591456
2108926425
577477822
338996325
335964107
3849082912
3839962968
544230465
3911982597
1402146303
958597333
1969634534
1281952863
2929029928
2642266263
4272905519
1012349132
3748840240
3063338689
189202061
2121284234
3708719207
3206351114
2533479830
1862632546
2485963014
2180979420
226366724
3917934515
1507456044
1754449507
3377122266
1049615619
3756965601
3621444189
86765281
888807239
2163239447
2995714813
3003289975
2216216084
975353169
367357477
2431802013
2192186652
3544007775
774826164
4185656773
485197350
1128205647
1916360299
52926118
1195141001
215549361
167344233
2691110173
24020413
4077020179
1027318845
3057890537
1580897973
1809780087
3670627102
3686733635
2383879176
1931840614
1888240587
2467464438
3431464232
1029266767
3348317782
2176675424
2862629988
2417572851
754725286
3576450341
1618025754
1335097128
97672372
2710569875
2408344483
2195051535
1037392205
1453698735
91099609
2276842185
1836450628
1245954209
3001061408
3194634859
1554973719
1160248343
1236353138
3041627890
2214201552
787039928
816189235
877167321
1785589022
1717142773
319727394
286196350
2488210312
3293495983
215330934
1001446893
3245706375
3136668934
2126841480
1985983569
510513726
527801714
1604458207
2187775159
1178870560
1376604923
216892401
43261432
704348219
1454787570
4284732983
1081411427
859113408
3857470938
2288867580
2569242697
1187062886
1373457100
1130143079
1770042467
3189912602
2519443383
2743995466
3451000158
697445427
3400948741
2303329255
1541689340
332360129
3424191872
63267015
2614494754
873113952
3870091154
3099510673
2551008619
237850327
1341170754
1150833507
1434259987
3758087709
1913804574
3839953654
1296273571
1910080128
1008226667
2974335817
678653515
195356730
1559558963
4093588118
907735714
3198597733
3691759267
723248068
3654228140
774241104
1337400264
951032862
917422299
884204301
2081371671
1312545168
3740756726
2860311501
2107690011
1850549950
3906743320
3859717200
1021043178
1833201148
995637871
718908006
1978195467
668613326
283585523
3130669362
305608400
3081486203
989065267
4241830873
3073780446
3791153685
1000747719
225190462
447566182
2375033159
3457330710
3067510513
3324459379
51382777
4200189664
3031303451
1279799627
2652852153
3196757014
3939401707
2146395187
2435808276
1218900977
3263152865
652487858
2562400879
156906643
3570943296
1792184174
2975225421
722504450
3827520943
2388475874
3172738815
3405618920
2617662613
1265231589
2305066096
667746372
3180567963
3039701631
2943726465
1219741821
3911864055
1084380582
1672905624
527865833
4288935700
3176839349
225320463
3548015292
2109003648
2666379068
4284878960
951013636
1015849013
4256987485
4087011250
3831041862
249185561
584096998
3835702759
501120405
1463055804
2587037702
3198642260
