5000
2017718191
87801618
4078199232
2267314806
2022738120
875462489
4042848251
4063720467
213873683
3735411856
3005470311
3622167082
2982464628
3824516078
1680368366
1362423642
3061992735
3854049534
3586161093
3399156156
476121622
3562028358
3679397322
2669532919
3063676425
3940718102
2255221570
3185588995
1943027866
486729101
1617388218
772222705
142890920
2667682307
3973165997
3122974094
3769025763
2565402968
2587630905
2099735664
4254855201
4278187829
1691989041
2970786980
574749326
1704023305
2155835642
3866094743
4072730325
3454059835
439247659
3776051057
317484107
1780138920
3742652484
3878693034
401522788
4101658482
1803330478
2642781959
3517155244
1148583601
2322196061
3160418933
1126576406
2817235133
4001284812
3435081453
3757698075
4291911061
3245317203
752166869
2529691126
3353300634
1324399498
1668355438
1764841037
3079306004
97587079
2042415256
946084000
1436386213
2733077625
948291111
3771696184
4270719574
789511768
4224969645
3381372411
3107615450
1181439014
4146642916
365491106
4035110124
3809929803
2608297434
1029447862
2428866599
705849977
150752929
1853495944
4264131622
2369841380
3316957163
2423054453
1391533698
3511753928
2673529111
3068488154
1558520940
3268928903
3350897992
2076569523
1588282410
2279210502
1920723517
3126407704
1592858286
4200264067
112577756
799822764
4008669137
1590714564
3815063454
2432253843
2897939453
1717624810
3403369713
2316880725
3065080183
2587059629
2665783793
1946722856
1000597019
2286516448
2625375832
248593610
3790343617
3849983556
3599319814
252783962
4148262352
2059568564
3239596785
3664532675
573839071
4203643009
3366348745
3555509891
1437297368
3538578133
1411969752
4143354069
181222902
1065503954
3679969196
3375436810
3151305272
3926426730
3573052647
1728025283
2128961989
2868685543
2321029422
2677710508
1839275371
2283020256
2488571934
2435579556
1204129733
1151804479
2260010698
2612821947
4178648622
3739964058
1853578156
1310590594
2825036884
988476304
2173355316
4099411066
841994014
4179884272
593752121
3709315319
2111729957
3774208464
3604779903
1899868373
3802857949
2557973426
3351329392
3172464264
2310184848
3758046655
2372920092
275307209
3513087465
2550273475
3981916720
1930123766
2784680667
962524888
2114695946
2714690178
1609070080
2864187584
260170834
2444493143
4068519425
3135673705
1492859355
3171259854
615638761
1647455397
710241177
2666805718
1329389878
2603359171
1599896038
2157663584
488669047
1605951949
3406690364
2177414288
1686953917
3992692981
3163627794
3053669897
44671029
1988099453
298534947
1748094923
1456673802
1870763186
4276799548
2504360629
2360565535
1414008491
2975586140
4183759617
1980351024
349162818
1603196052
3481153460
4041546656
2587987550
324218206
2038701078
3899850613
1324374818
3915911648
2344587786
3054526227
2241631616
592346272
2839542868
2931578622
1031601814
1134883247
4029696266
2091372818
3957627934
2329881004
4160271762
310044364
231741332
259900259
463759236
2430148602
853494899
858766677
93540363
3365210465
3247523891
2199458692
3757376665
1959643565
1454003187
1277149766
4006490618
4186148955
287330969
1446877135
528743177
882170968
681907640
3683805371
1397386901
1443495124
3833598166
2653455671
2720333857
3195019831
1229880550
2235813325
153798453
1597945099
1452458057
4018765158
3965461241
1384846234
2568579240
746163822
1223013384
1998048697
3364804033
3669044957
297444937
3662213038
3708873291
1475027919
3007480025
943621784
1707514542
3726599048
2418390478
4052706214
485225586
4055774567
3479619965
3130053153
1465882723
3707318800
2115564897
1138577022
134046829
1152353646
1364911806
2579602683
2559523224
3693045712
1750619170
2949622782
414863231
266705281
1534651174
2987832896
4171627315
2160909324
94995056
2944310845
243367850
2175662389
2246272156
3080067785
2804537986
1591681645
2101061023
2613325670
1040173472
2939870988
3380000710
2077132336
15338887
3048370654
588602638
1803375375
314738531
3550461313
4237780219
2062735013
1432196516
3503658090
675683906
2350287842
800882946
257700421
1432074811
3079127189
3942392752
3948613824
4196656586
159017745
3037471576
3155561747
1318762472
494723554
91627939
2563569427
2303006999
392623333
391851394
603655634
4188270945
71309458
2471870636
2640457614
1717173607
4164129200
285952081
3218559316
910175443
749879093
1745017391
2402823977
2315048595
4166071834
2865827726
10281578
1908148946
3890819063
930391404
2914916766
2824414061
2851202227
1606511760
388553114
1445729610
459501862
1870730134
948875942
1701870565
2187755518
1218956760
2162422473
2127830730
1464825756
447853769
3143456092
2597043224
2765444047
33369768
2710497053
3110320959
4187470077
1170791367
2400599971
396791019
932034587
407345537
4244965071
3965289058
4287883765
715575804
2468584751
406781913
2906551149
1594080746
4224613889
2191723012
3338244052
1216301741
4206219724
3235339313
3321171353
979289282
726413377
342650270
2012785895
3740934454
1035303381
2445967194
455868881
3286280524
4206284391
3146490194
3880152156
4112760978
2834138017
4083651314
2570474345
228625357
1699809006
2148750122
725989348
1029954047
1002318294
2106998983
816379364
1791563055
1622425799
1091537384
716584319
2852014254
967365833
3826669763
995856646
190713459
680692624
3445086617
1847035667
659479552
3306941691
263941903
1715873191
4085509286
1979325766
2336937475
487277489
3064649502
3703168461
2355559899
3539882142
1941450596
209079419
2563316742
4025086029
3109198791
2657358964
2487937786
3979769295
844639254
1492680881
4064369263
3084113085
2109910207
3344516572
2956848439
1842998980
1631851128
4021673826
788130408
1800897389
3983945170
2093261723
4243637157
3951638141
1297455645
1728255043
422248303
336333350
2564146573
2097735227
4126033792
518554233
4178890699
1190343142
1764825191
59187213
3982123476
445784785
4152409881
296173327
2879813341
1225956787
4021879727
1327863188
3376769162
2672718188
2566780857
1709564295
1659284054
3774978704
1781602031
4249915987
2776299947
1685471897
3635506767
3028674155
3749163324
3114043608
1183524956
3856332481
1678798076
2673636869
2409382018
4169731613
2561851176
1106304083
229100306
1233178251
919847720
4114657394
507428046
2002632583
630865484
1791974655
2153825046
2095450000
4236196170
2008159324
1875709653
2486896841
979827060
2295636694
3357000384
1558939326
154682502
2368778753
2772584444
1099350677
2912050539
3634626253
2335183881
3057553524
1588351050
1188110553
3879579014
2786705674
3111403533
2663081702
3032885191
481558559
3557433856
2067311293
1333882589
4110622117
2162239946
3163238813
4000864334
3082621698
3813059350
1489554116
3437806753
4041776365
1360624037
1664277527
1739580191
2667589383
372828454
2764242553
3878211456
2644132816
2912073045
2716098616
445651214
3705364572
2260255592
1358245640
1716618902
2552155404
1374207587
815765661
2264151764
1633186478
2665902242
2926746142
1847730220
2954080279
323663852
1385950019
2139441394
806639291
3139016950
3287245176
2379583938
4206785067
2893254610
3016520661
3347318350
1937303605
2322214246
10995281
1646881388
92430025
166710632
643248936
568907806
491058410
539685257
215523814
4136622877
2903069798
965860538
2983514099
2983772902
673273236
602010748
2613629283
2734692521
533703933
3919807258
3708836081
991709033
2894848770
2369836699
1684609648
3929152400
2909673362
1470399559
4053663761
560824158
611732689
786676720
833337822
177292259
601210036
1651261200
343911537
1635922764
3103736378
2132620990
525661646
1088949800
2496790020
3452231965
1678897664
976933577
2733538622
1073016358
2432492451
2527924718
1182667068
292640860
3731143760
2321271015
1423328051
2397389891
2761242318
3339308450
644935924
1210301968
3231155126
1985129708
2115524619
1581033201
1582683861
3681041599
3726498905
290866948
1559426129
3178502177
2736469854
252136302
329432913
734073701
3145157095
1993031442
920820938
2037280952
2802071413
3824197916
2779677469
1263256826
4100085016
2901245461
1855617712
2483151645
1783651859
962209456
2792609170
1823739534
97173997
1221251234
2419103836
3635666711
2771477972
4073717476
1295091732
150768327
1264833492
128985022
3077426337
3903934799
4206232852
4024484888
3011318124
3602234913
419843849
2805566237
4012618833
181154269
2082140689
2939588090
130072967
3844023387
177151121
476615493
45039725
3374677874
2715101004
1390992470
844006941
2979991098
126310328
1974957897
3409974067
2250643351
1876700096
1382887922
1030009679
4267917766
2086341725
347180168
275272397
3144146488
3026372320
1258744267
642953929
2156311033
1192100687
1988881813
122485256
82613050
2877239998
1383955493
3625920272
26716678
3161289596
3197061517
476080302
2191016172
3926708898
877884514
1295408288
1193705941
2164591053
3166986065
2546241116
413760971
2380391040
2095364337
3148171987
2758351892
2326953585
2300270395
3172983474
1069022896
3580247977
3051194102
1794170548
1655981101
1086919053
2056527681
1757079176
1347936103
3355560304
2481828944
1738827958
19057570
719541403
1912754433
1150911361
603508160
3314894096
488435644
1611203306
724400219
3008608164
2379462034
745972379
1571354285
2523641048
4008456658
1492772100
1389653913
338562750
1668213597
194450963
1041763852
2006517786
2127796708
3926183432
1275352500
1234925112
3233490669
2901264072
1418358191
2085284167
3507486507
4098743294
960606503
4027687918
361690048
1952685471
2055696365
4051421440
288350701
372701292
696500743
4112239338
1941500008
4263550813
3774150624
2519043190
3715735882
2239165774
531755458
2038833459
3747860652
1831436318
1511216089
3329174030
2181740075
3015589305
1311890620
1974314843
3703280391
1248587424
3361277914
2845836635
3849845752
3013196149
1201440166
734357903
300337132
2161593706
2895196362
1735627486
3433796033
3126393735
3125534493
1267103304
1035756547
1806516169
2511863884
2787324365
274395457
2164343486
140347412
1655007940
278133817
3707475540
334121830
2797613331
4097918302
1346767936
2718401587
569786309
777184096
1377424190
809345885
1258006953
1879091994
2954513429
2679913599
3253005240
1288316832
2471156385
1088923057
396978780
3508463749
2845401129
2652880413
2383075983
4061816988
2052005291
3276684421
3006488300
1724979807
2363572186
1997241297
1189064590
1765633365
3840184401
1750754570
4159160270
3719006857
1244642516
3387950607
441791191
912795630
778998549
2545674399
3311693162
2537597692
4188465520
3553658180
3714742515
3034032488
3027155527
4139812917
735791500
190897765
2805646793
2869858050
3431025454
1051140763
3415339250
1021134531
2263631142
1672356397
3205186548
1431731132
289582539
202372157
4037308195
1008835730
2702485427
2063471016
4214573519
3510324988
2539518417
2596242612
1851605855
1747652579
32237879
4129075397
893305860
1326840691
1912896214
947095057
4071881183
2345118150
3273502056
4239432197
2228376294
260215843
3869407291
3734815072
3508432293
3597409585
3406160107
656586912
1045582306
3006631124
2310874315
1823126455
3670477640
2523372933
1391964390
2242478692
227426209
2952470737
3576450923
3166276268
3372033059
3703807156
1057304970
3096785244
2604896160
737781825
1262418108
1531883732
4008178107
1496817967
670102348
2080422476
3496941351
1181187135
3873983384
566678195
1876266487
601918258
1802515108
1354742458
2353296836
3309438479
4129193983
361811519
1347891515
4108756891
1292577485
2202822509
4003734177
100763722
92785681
243984347
1703098527
3920083761
2372016007
3362141114
3849831091
2006626850
2540976093
839619243
2707574977
4197143212
2280719463
4115557646
4133366241
1423446774
2335618231
3791183825
3961964579
3802773979
1613207045
1857806930
930145648
3971570612
890769395
2129850495
3443455029
557368398
690531420
1156549181
2464191024
4023344180
298059522
3477285849
3623962039
2304473796
779499034
3263995717
3203740324
1368958270
762786982
1900111633
3608813929
1268528066
1339125562
4158445684
1716601412
74549200
2120966759
947373544
340999524
2685516091
122673807
4092868285
3135088187
1849343766
1211778708
4232511479
845917160
2552984113
2763472440
2285373826
3010395564
2328582022
2039050960
704504762
3347509246
377050213
3461840092
1995347798
3030999967
3225685177
38747029
2759812569
708453806
733271850
3275006722
290345460
251106043
2274144433
2996314689
381202060
791177823
254660473
3075378687
4263612245
495511805
3562154640
2202985924
1386998170
446166864
3849392796
4079753656
1284562306
969469298
1818269154
761694986
2948972583
3308656788
2304008312
614415901
1539207883
2454974922
365422752
797452380
2296795490
3967956322
2885263341
950314855
3655387383
2884026060
3423247324
3175235484
1672676167
390652116
3824139721
2881660514
2366429768
1635928330
1639742261
3742024314
3946375518
2244340482
300390759
350866317
86596596
3580216070
2899164594
3599113660
2452404981
3081938798
2735865484
2195696304
3563664415
2729013546
1556818797
3387732782
3207439949
6443223
407921574
2607558963
10799900
982525594
542977019
2584552181
993949782
1949524016
3666144595
3453356352
1179901331
326656202
2532397376
514551417
2053248449
109087239
3935541035
2879744957
3133347170
102335558
3799885059
2848707226
1317595480
4070682424
3719381672
2946256849
963361341
1521928283
2486324594
2172871340
3965966888
3634681021
574798259
1042152506
3771342007
183936679
3659169391
571772548
2954866545
2743685779
1236540647
2488899792
1449787336
1336141980
3878511315
4038828150
242158139
1882061306
3218569774
1214216160
1433644567
2983231020
341389743
3066607044
3083036575
1554766975
2102961564
4289184831
4113838261
3190812586
96138679
2850707035
2099541776
382451800
2954682376
2697206684
2249575956
1567960894
2484980466
4132781276
1650657328
2030895121
1056809384
2323232529
373074892
2906840136
1922031122
1583904857
1006971439
1901801737
763054585
1143999823
4274464727
3353258631
855061104
279224432
1360096095
2578120119
3522973427
2677500971
1030541720
541973745
361136995
384324121
972252556
398986829
1495131155
1901816631
3876725813
825650173
1358500478
2589753196
1476202954
799377960
3204543348
2509555905
1699283129
3433973607
2418228739
119254346
3394270699
3562281176
208681200
1905593546
2094912561
3148134247
2117449663
3790821220
3497481319
2523961497
3143532098
1963792423
3269337491
180706825
1822739662
592257401
2166468710
4115465684
85228725
2849094089
1356619093
4238742917
1653589493
3885005080
1476210660
1149749262
2754800186
726020160
1814570420
3569998374
2668044613
2086058837
1022202387
3526265890
455060887
3478666317
1674886651
1375892418
1472013902
403712717
1793676996
2094119925
2713462363
646374747
3205207092
2621546448
2148986659
3519671159
4252596509
1382857668
3850168725
3733980092
3891974667
527635345
2361694890
647226707
2515891531
4022437139
1931817076
1959090090
3247426564
1470623494
82154773
1956223909
3591417616
1944064123
3699901695
4117379280
123539365
1716219971
444830485
3162088688
1247899385
4241959314
3185061225
524761324
891250811
950264112
503858295
1512731911
2500233579
383067413
2481619857
881568960
3646089743
3048750267
1931613291
439369130
2519394299
1169829070
983567663
2202702059
1556459468
3363351019
3570724727
3628970231
363008168
4033385757
2154425143
617632411
2712032148
4079669491
825854172
2616595736
3962720299
2803081674
4231340747
3406448200
4117228624
3640085210
86143530
1831516061
1316987389
3933680571
2647423635
532899386
493070896
437815953
3603816276
496225475
3462410891
924010344
1807712160
938555121
2172020067
481636654
1732010304
1171089379
2595802536
15553634
4152821858
1200946055
892808469
1303245802
370454807
1529272418
1727561960
2005184644
3593949593
2430795046
4079948230
140212636
484805992
1996274543
339326219
3252355247
3641809081
2626114449
310071623
289061677
126609929
405704245
4117286547
449836899
3485319455
3242108645
445244661
3824102148
4202549697
1884112264
4222485772
3946552192
2079051921
4246768412
1511212545
2616343334
1850798043
3678633832
1906814523
2564043695
1065540350
2805500828
3812398030
2032783382
965240935
960633835
445031474
1464947713
2509011957
645817255
1775347098
3609450461
1439990135
4272442266
3177037069
1215567271
1322605718
163674661
2913798726
2880828360
1244344432
1394854170
1764096411
4250211394
1002380106
1673819077
608556983
575772608
1872969780
1280335025
3938706666
1032979207
3496922164
2468298911
3673531305
1196792270
2030423023
3439302159
57252315
3113593536
2541271799
4017492793
3789188834
4121211372
4248587391
979385460
2633347600
300214751
1674721878
2286427004
1076174785
728299847
1588904831
2696462342
3516749325
2048454906
1161836765
969769145
4015266000
1376994086
3673037824
763853208
2805099091
3634480139
963763238
2058842556
2835533555
1469937146
3939068649
3526950116
1875319349
4016667578
2974220650
962212831
4218415997
2294916379
3616985476
1759891304
1278829367
1684574764
3347389471
3264812464
2128152345
500346250
1906711384
11599963
3793568035
3589048635
2565691424
413713891
1554070374
667290348
821436000
2365958338
3812509528
718613183
1494846367
209601309
1229247784
3160564652
583582301
835274889
3642327602
1587847681
2076650799
1525744519
914636817
1473831877
2053993835
2949236797
1996534019
2025798988
2096112731
678843581
488727342
4107347281
1858223807
22088541
161624928
1796948001
4030173946
1169680615
2073445797
2123312862
3085320381
1314853557
369002533
1079347475
3651493824
3947719249
1175611889
3234405657
4179628408
3487949018
849447605
2413500423
1995916363
1647379364
337632934
1922116118
3143524534
1650910278
2703978674
2090845488
2264484407
2111381103
2697921014
1433259783
2476361597
3939545670
3008560145
2673836167
4028098751
2120017354
49145045
2104020822
1904026617
196678576
893891865
702703478
772594163
3658177809
3018167884
2432964738
611451533
1629637894
372423639
2478214785
2527948689
2747927191
3091335639
2155168995
3520116199
1140382366
2465526765
1806209414
21718032
2101144992
185909457
3482935167
8942294
4078963509
1798621519
776990765
934084458
2174339270
3904923582
348666539
1076305587
1166653842
2544950181
3938238296
4271438129
750228792
2450285189
88804137
4118403452
2273910146
606502109
483606013
2450360861
2751125156
2937357009
1648558600
1550126168
1007010285
303986395
3657189688
1642416801
2284604570
2737342500
3354125800
2736480805
2235442252
736108811
539790735
3796263502
2407794024
927886959
3149370214
844623740
2837550483
353446283
196058901
3563352046
2793216563
670602363
3190143763
798598574
697796165
1631775025
1085916514
1706777182
203042198
1429811167
788881981
331879347
3799383678
358486873
2080953984
3279428589
742963003
2626101022
1094538176
1016902735
211303074
3553750598
3161170299
1547669619
3540791385
3385595333
1956575972
1749979801
14771748
4294320273
1648440154
3829452315
188467636
3715631922
3229117236
175226176
3138904610
370923501
2655232426
2175188698
4249801364
1238336429
1555967
484226314
53998587
2273372074
3051585340
1314268116
772391577
4128812915
878038186
900524038
1986941177
1835557406
531249490
3143884503
2488594725
940944403
2850693086
1199396079
4160083616
699541572
2604582573
1411312545
3441933816
1085080910
175401836
1526038247
2206114749
3108236279
64249863
845512643
1322015908
656584033
4055810016
4027938149
1683855763
2808822550
288745594
309200599
1014973492
3190542042
3153109418
1421318445
2590405467
2630242087
1579593457
52416734
2428379916
3618303728
2856269179
1236330691
3876390353
2022505332
141708049
3786212456
2564441572
2814671310
1503391378
1961402029
1615529962
1215910426
3688658711
1759687768
1541546579
812873563
305539354
3123514110
207800670
433821060
819305697
2261447671
4012209864
3435256979
2060802932
4122301991
887933982
294056170
3733343479
652177738
4192143269
2156115473
1142970121
3354679244
2897563489
77469325
1894408199
2360657692
3382947256
2070635935
33091241
1064921660
3206738712
173930214
1245020147
2703363777
2963904023
207118158
441000419
448859301
3005068955
88231779
1295008646
4009621755
795848912
1527488046
648584917
2384881599
2161991715
1285900406
4265831514
3653437980
3070835532
3193899779
1798776586
2499373418
889681172
4255804958
3302304086
2589019616
2600828704
51583033
1410595761
1383034989
1795135891
1241940218
2045918857
1215266087
1961810764
2027248700
4013568673
3787541422
2482457220
3615998453
296828243
2632213810
358131962
3682640021
1140988782
2631669441
1720245210
2100619681
199571402
3052707679
3166149230
3996168586
2771035192
1117980908
2621561546
412579676
967911252
526643558
3738480157
1866364157
2218986143
1895425290
2790241410
867053750
1303022226
1791694899
3347501446
60435351
3369931407
3607328959
2077912239
4204186074
1462749061
3660393472
2499422403
311601426
717626344
197122598
4041244775
3999311765
413180129
3676041269
1565571926
2878088694
2862954015
1003771969
2342907407
292366704
3941620239
2313716339
232782733
3110705282
1521475993
4285266736
2879252765
4046253943
1930232628
3241426426
4250888757
775484293
676873462
377346179
122241719
630819345
1665529811
2985963823
1026002332
2430319265
2624798236
771989173
1500966901
3018912496
2620448412
1105360939
2481291898
2642646359
3977302618
1400297584
2281401036
1665038939
178955835
434403693
2442463702
555389190
1155895609
3727125402
1949083635
1283115369
2580008268
3101008351
621223268
127591677
1364745077
3690137686
3001812698
82357161
2962899272
2444402087
701656133
105802494
104450709
2639377860
1189875887
1384849979
525515356
1411532390
2836036540
260736572
2420624403
2086008279
1327874317
3678454981
1499405616
3672734826
3684094782
3416384372
3100821197
623592570
2126144129
1927705545
2275149075
3661354921
2762700596
88572171
1302980522
104605606
3179796721
3030645117
1000629062
4009663660
124906638
2370152867
2002215715
3202028571
97872889
1067596014
2897382489
2322336353
1108801335
3202337637
2549296189
1316656615
948198666
4082128368
1686217612
4280055689
3588821267
2235660519
2243780813
4193101787
758805720
1615528172
1852359058
3327150715
2240468113
1021777029
448109389
154116891
2108242046
1002648489
3192190087
513278572
2243967558
3361015154
881573462
4142458457
42073083
4247107483
3152463370
1324159739
698183768
318577698
501912372
1784306206
1441261313
3641375765
981302912
868303155
1583856229
1266614378
1220943566
878775680
4091258617
2341098073
3143274805
4093991209
3594667469
1676903810
1306762865
3765909756
1145263203
3283630189
1783080846
2677249207
391035942
257973022
2549612
285595682
598846475
998162629
205412430
2141527276
78868886
3576447472
71517440
1114544835
1332530082
1372890458
2294054474
4259312062
1511806545
2740466115
1175509215
3562898683
918062121
3261554443
434595891
1347082260
3854434838
1651152715
3157134288
2541157951
2179641306
1194096361
2415230764
1074215889
203670236
3482135995
1622580525
2491554776
3440373951
4009759053
3497332512
2049566190
3541086486
72234275
4141944914
3758077092
275089147
560786036
3105106969
2737932597
1489456087
1481161464
2534779855
1585648737
2255953551
4263588101
1586441477
3216689765
3411549457
3852810811
4122863360
2459282000
4262326111
3653642296
172019569
3871468997
3696663209
493674641
2020692617
1941854915
1485554205
1628291592
3433961855
4219435707
1210089551
2363889595
2560202061
22121504
3587152304
646176524
13463382
2109904545
3360549084
1053198021
359214835
4213600110
2180464400
252398471
1977650196
2260123899
3147271451
1148918001
2746039489
1764289044
2589768339
3874976709
4213621537
2157752458
2110055071
2920383617
198345544
1926641564
176254421
2638762795
4058089049
1836170352
4253966908
761551133
1125574575
246627271
1476715811
743172631
2244675232
1257410181
1580855437
4262143653
4265409034
3876027584
2050445855
3123830956
3816827511
325619590
2566827686
951157215
3157499016
3914890811
3865408448
585957972
3085327542
3449613518
3362162550
3247670041
3633181535
282397168
1861203948
3957593727
1145532398
1556148345
703034936
953345125
1638750132
925378906
2614571203
4149733871
1307134082
2972396695
2273409094
11758448
2421759361
1370734906
552632612
3090392847
2003324696
4155235456
3408459091
3805359351
2774249427
148062578
912170976
2682281531
3209371686
423721217
1143850020
420298992
2248083645
2179681401
2915013274
1427417611
3318746859
1783652549
698371511
1897519523
3856063414
1660589219
1659661333
4217110492
3006553904
863288122
2174520545
2231395266
3744270984
2538122251
3169245925
2166436619
968197209
2879703128
1540567284
796552601
1845642101
4011528986
3052337891
3869233984
3273516207
2211259303
1748432718
2654152562
2936500099
176710323
129654116
1080310290
2491384360
3355304662
4218560868
3954793954
4276023223
2236819035
3424960885
4269957649
2528121548
2904603015
2411040176
3944230300
221749181
3504004980
590530161
1555652295
2796507187
3121965274
924247920
521724841
3252748173
3885015489
2114571672
2213589710
1533440179
3601308304
1575435641
212587137
2479405177
3977761225
104973301
3370997882
2236878841
2964513638
4232328648
3275626379
2434404330
1371191970
247356218
2993288096
783293592
2044403790
2944804464
3542242157
1530900734
3318007471
1473136095
2676496434
948012899
760910293
593836949
23143774
3311829410
3154070498
3256282554
2150021037
658236055
3102036303
4124267988
1042573532
4018012770
3772637882
529275211
970666192
1355532114
3535586331
1680703431
3805858421
265651057
1206237907
616555217
3953595202
3145859499
585378118
1626360780
2080111781
1623877942
2813331912
477740900
705015474
2654583537
1091755218
4122627512
1192757313
4073744563
1050821416
2816310291
2658717149
199071559
2079433300
3849920545
1210497789
4185494924
832146208
4145471155
405491787
2604463667
3573007905
792685803
3145443063
1764502129
2991459023
3595989682
1919337113
837462126
1923952677
1099600628
1412235832
2913631236
1537258006
3982614414
2181707895
1837011775
2994634915
2557262549
2342830167
1015797157
433975342
2670343985
4224336489
2381088246
1457428450
321873928
1243776984
1789930156
4211347287
3204382432
3746871952
824647428
1933042874
290531897
4294411739
2448861864
212975409
4150319098
334178379
596833760
493808741
65160533
1734093870
3734812887
3907684184
4273936131
1209401973
180051626
3912222913
428684295
2384511973
92023773
1604440241
2332917522
571878286
366804955
451152265
2001343202
2595002014
2839159973
1852475456
2636243070
1212387228
856575542
811689875
1853959692
2300893940
2085913199
1713705323
2632153104
2966593153
3169604553
3629115109
1852666032
3072610776
1077158076
1021206339
1184890993
4048730273
2473283762
1149150503
5356294
1072139058
2573064293
3446364133
1827780963
4013325151
1765462553
723067737
4249444154
4008204005
916306055
3593648843
420447880
4012190845
2295487795
2043959262
3643716393
3202940893
3468180732
3315497951
3370723663
1991848641
2217396476
4063633455
172834543
4085427243
632983826
4268811097
437623912
3756315615
1797919781
3364141171
2478538983
2152902730
3972491946
1440201247
758782131
4004315878
2267865517
2931940817
2200866395
3659320764
4179604200
326612033
1263776414
1842120514
2234039237
3055562745
2013705550
254925196
41426904
2307941353
3653742199
1482241865
3479778576
335814114
2749421178
1089334949
1111222074
667802258
1864145826
865166925
769090799
3758524820
3562401078
625721274
3998234016
1944562024
457765640
1336005064
3018088963
1256599870
3022393707
1907142150
1206652760
1189692475
1457778557
1300479767
1615701718
150232290
3937810708
2869868595
3824954570
2183472956
1913121011
1718930070
324661974
3932436914
3271021788
122645003
2332112277
1024900210
2293694343
3262109070
1721569728
2685152942
1850820238
4289467763
3885344060
2902247296
169479324
2533194900
3761974615
3953717857
461798953
4086849702
513319461
4040039591
2995220330
3557297101
247416688
4100719819
3064811464
593105295
2126333077
193510620
3774260172
1376068356
3659084301
564737982
1611528995
104456773
3989268509
1264484538
3761288273
1137998137
3188775424
2723452455
2494472330
3897639725
1060809806
3515985323
1169541609
1795233999
1515135129
3991822799
2647131352
2182127741
3290695528
2322684575
3714783772
581627631
943645557
2593895371
1553826402
3896865013
3479937626
416061742
3024745650
2066584719
3066745474
2385738739
1784503592
2258109695
1007800002
2842048524
3871650190
2986774626
1214826195
1855881031
1183181682
3987163016
1719772468
174625663
2921960830
2523452967
1394124478
1346183897
92284284
85708791
3376582612
1454452280
3620719387
81578756
2423216535
2229505953
3112477376
1835276093
2259564481
3632878286
2275185122
3720877049
2251991770
3551427808
2810718691
3024717732
2896696450
1656495117
1380219755
2465157240
2419942617
3370635397
2193487414
753435550
1369872799
3406861500
3633556443
2871522333
3320518349
887224989
2479482594
2298332555
4271325452
2385540855
484561851
1581020256
960100771
4214808513
2333641437
1179575702
2505755253
2085682226
2663702697
50443697
3901134319
692327778
3785451694
3255093449
1550447325
2672018838
3622353154
152656462
1581203986
3408507852
3138069305
4276143422
586398912
1451335367
244176771
2317762932
2918824416
3703761880
2981838255
2226582213
1981124694
2932372052
3805897076
3371335725
841497049
3081478223
3828596103
604898697
953682660
3552800747
4072750367
2029748074
339490711
666964799
3505771512
3373204494
1658770148
3386164666
801896628
3744461399
1579482823
691523892
2031013112
3574089964
4027967355
3283358161
1355396411
4137319247
883053926
3083271854
1921096046
1514849945
1727942184
363232179
3143554028
3023439367
3097622839
3692230322
4118786758
2345909974
2144263610
2750839083
301966638
1505538817
455976622
197450324
2382777531
3667538668
1224419745
1367188330
2446400421
1804191937
2541586245
3328135890
3601177681
3393349174
3003459641
3611235357
3181166936
1020728623
2474319347
1969220279
1564503756
127622608
420476004
198960541
1611200800
3058730980
4142160445
2485950957
336952411
2180532812
1730562149
1697256148
652243301
3654163702
2070466069
1327761708
2659383246
2086029855
3341424887
3251160709
783007127
390514663
3081236645
2621986578
3487886381
4147528086
3179541239
1114934054
1476077689
2036832571
2106844019
4151299942
892947935
2192435302
935502952
410606953
798933701
1742633099
1147147431
3775791806
2665399375
422166528
395137436
731916169
1572321032
3802948965
3654273371
365448381
2889263690
2121086670
2647109688
2487880904
3382302673
1989832403
4233683620
1697697406
619220381
1801702505
2782868272
2178716871
3571310028
488850337
3704166888
2858333211
3017264041
3326092312
3514464611
1647688174
849720841
2710114952
3219801943
345663596
1025746813
2787223929
3812013782
440326127
4098943815
844747889
1670346019
1686365175
2261178946
3769727138
2859640129
4148841679
2240210610
2378514440
572922168
237686940
2539523349
4015966328
2544476683
2788458636
4000281774
3335293330
190318109
2357352583
439992532
3025356391
3290020091
668872039
4244133326
782151618
412915078
3611815093
736918057
3201582450
382504512
995554959
2514896188
137051091
3484961187
1769274438
305303454
3701509460
1711673858
1061640995
54489367
3794230574
738579330
769725101
2255679213
2308036186
398086485
699060004
3358248930
1845621448
2373735005
2181483197
391122824
3391617887
3544962011
960480177
1487068596
3640481221
318123230
1394574861
1263039454
2132282456
402802273
3882065423
1262870318
2867083182
3122973772
3660969972
1802684187
651498714
1251724436
1654539940
32708792
3920323062
513106999
2993690353
3285490299
3665813067
944860501
254568974
3699931765
228848804
3679511828
3462399446
3572369899
3052686747
391511068
506112284
1011348740
1324107428
3541577350
2337986119
2894071695
802096154
2237188513
1280014868
1225625113
757395815
1361507470
79205761
2575230750
496663419
1489098937
2583435720
300179997
3587183672
333451611
1590162907
3643912562
705863452
3615066305
40971876
2890069411
88120500
2748816085
255014148
2981236759
1813932376
2775184490
627603659
649114191
1405941509
3267953641
1652226122
911220948
2722721401
3915394080
2744362018
2228112010
486360218
3655042459
170650306
187970560
2168312244
3937996301
2532470226
4078131988
817451848
3484484810
460418594
1881305795
3582883515
1523050721
3879540808
2129412673
236871706
415219595
4089481015
80666308
1964017826
1820784083
1192405221
3782365178
3127144385
3902119557
3802595625
1512580272
1305313076
249018643
3167913368
4080649812
131921539
3932099092
379345228
3913447855
3625816808
1032423332
352123242
2522103478
2015803139
1033474134
78466436
3839279646
2339760908
796764344
3272516932
1287061622
3343150597
3830519144
2575084122
1219667806
3500128775
4118639956
1371837195
3834656154
3654796253
450954961
2422491029
2429996255
3848340781
734330720
3434071150
4264739659
2716728139
2641526359
676190622
790186144
580382605
3953711911
1504479811
1466162726
1364373170
1060562924
1774028007
2508882564
2049741075
1868511147
2485836860
3979900903
825949378
3835475336
402804772
3023501841
1732180452
2848043725
1362316870
1774656449
992164286
553493968
3177321930
1328002332
1236900427
3136356691
3959733461
627912102
2353802263
1665827370
947098583
2293062367
2506588773
2019744162
4163595234
2559843364
2018029045
2533401048
2976435478
4242012187
3881974356
3879884343
3115704635
120419127
3878578586
2480822285
3397678472
3310392125
879631816
1643086767
2152577765
4276674234
4104373160
3822231345
3249980308
53650245
2621720361
3566241430
2397681543
876394056
2075575541
3894593044
1355614475
630171292
3218523944
798415773
3229445032
2727387467
1933286471
819410130
1112046459
3074038170
3699927489
2290627243
2709963427
1386090222
1918910808
3226194829
402880726
1208525807
764542481
1646628247
3183879250
3560657410
1084374239
3918295933
1683027333
1001317879
1794509722
1242959738
1617964462
761132335
1189423211
4096481709
2521078566
981730027
2851590758
1595616241
3853316416
982688986
1658019656
185447665
402864803
2341884176
3806463241
327245579
4258551928
1124474234
1419101569
3889926603
749587700
3356346953
744463172
917416469
1422820824
2560175773
3234844670
330086391
3901804969
466727071
1967066389
3853682236
3530036824
2653929842
1062939029
2118579165
3981145328
1767134532
817556344
2908979262
630989828
4272203855
753142674
3237557542
336801532
1734121642
3003326009
4009236302
936275060
3208688397
679123272
3306911467
1318651749
3453401652
3034428596
2228942572
2418744868
612691124
3665057374
625439446
835607965
3039100915
378681754
794005663
1292691655
2967632847
1215705024
2928285352
2326218100
3266615393
3974077147
1073337084
1049610315
1103968870
3843275336
812513748
2207914894
2703088260
4214111673
1749415225
2933871812
1202030771
1621320957
2228677208
869460126
3998939438
3160060749
1222564230
1054974753
2605065112
655370685
2800825869
3735374495
517292920
923749866
2327008066
3204042950
2206415145
27784195
538277818
2426775526
3687882172
4157268808
645471485
808749265
1702242969
2835307917
3433015757
800882279
1823537949
2059151711
3312157298
2003285867
39307311
2645473172
1591219150
1970484561
1535376017
2827436663
2421331067
3560455402
2747348264
3067005653
431775276
3172146970
1428788123
4039034636
1104066308
383061797
702011351
3278667894
1297326003
3019360052
442625017
3974072503
2116170959
1843612195
2550685114
2695611240
290671472
590633066
2044967852
3064583742
3192385318
568984471
1698648347
997386051
2855786366
3329460284
450288555
1290987591
3267074322
1390763409
19308426
3593334164
1775082535
1787687967
382962393
4110003114
3720757983
657910126
346904420
2289960610
1894972467
1445069108
4148145169
1865212782
4205846611
3927604666
3658021257
65496565
71405814
1366187671
1388772372
1322278324
3752737789
789986862
2118741935
1658474806
3856023603
51068564
2945041118
1965823963
4216015889
505744085
2657570311
676167241
2209364761
3810318003
705133963
462533462
3313860331
323241288
2044859134
87121457
110433957
3561051895
804394329
402243202
3260394903
320250386
119247955
2923512008
1421087809
2169072440
852404991
3771151935
4059057041
1470905825
1056924095
641593603
3154991462
4117385464
1760114901
123037418
4029136305
1166794213
3692335351
3269154246
317955683
1751128201
72186547
2490239347
1838131820
686969316
2617969937
4027304211
3615366146
1473482146
1848142493
1245105512
3715727876
877839946
2763084155
2293318941
369038662
564863384
4140874969
977463750
4095040717
1994246826
2925337873
2712752060
2821531668
54829886
3054563205
2840156768
2033086286
566967184
895781266
2974055970
2422240273
48079088
4110926175
3901612554
141351094
443607592
3197810289
2885924047
3678902243
4130822131
2547414372
3619150907
1229379206
1697148490
3200025025
724628328
2111395302
4217804121
659435745
3915164624
1383685929
1612427349
3578729384
1887607870
4141915460
1844508182
2316701343
202980725
2226619932
1772728380
3290173782
505789116
679533895
32385613
1948874532
1690705140
4155665695
3006931319
2874562707
3363140253
1420939263
3930769773
4172030873
627757525
2437105343
1528186705
2201106903
2252039898
2771401683
942549474
1928817684
1501143335
4048579020
1927336512
1662731475
789599096
1514151108
2194693572
2501209395
4102901162
597055915
2764788881
3372564393
2099446761
4261786625
2011989608
2125073794
307917453
1398218683
1675998345
1915152020
3661509061
282738753
105016254
96444353
347137028
3159937505
1519405244
2977191698
2771845432
4064021311
1917900298
1743499888
2129847963
421217150
2599721317
1019465075
302936395
3194403017
870507899
3523277041
627974029
3847965845
1922353149
3395917616
3001931852
567815577
335800688
2167349875
710986091
37422096
3121526721
4084557543
4053097726
2280688182
2109683040
3256654874
1808259809
1840039658
3450077753
12455316
1097087630
3941850709
1586651381
4022006799
4101204737
2070488784
1922676752
3196438992
2307976885
2671541231
2975313985
1771202188
323578217
37498838
3346199911
1443894764
1819577193
3979520974
288249145
3381665252
3890518320
3248614899
1346674056
3378304302
1220528841
1159552179
17449507
60994878
3069664886
3782391711
4259425896
1967007895
1535570342
567960550
706896204
4118929770
676812490
3129816845
2386259988
1365959768
3350027743
1152871795
1948996116
914122273
4025644138
3868067892
441747330
593414793
3791276733
3919169029
206162690
728394403
4287686129
942035094
1023683360
72805128
304960225
430610461
3954493770
2359981476
3123549487
3330482316
3286311774
2529350019
3695993464
850395450
3048174112
1409589741
3310311812
2360843588
1739698244
2444331964
2562338912
45181745
3655354520
4068466525
74944636
3589999303
2644376307
572783448
1663045160
2458375386
3588824215
3637618881
2041572018
3555805272
28448853
21155459
3679683458
1179399270
2248419695
1784559136
1627165562
3251372516
1991097540
345888441
1329679335
3521821262
2392005971
1048184403
14471803
699520125
185203251
2140849515
99497292
3756380553
1038496729
2238964401
2266083658
2196160225
3550667848
1892765564
4072644537
3331022582
3071302627
3450921402
2041947468
237138636
159414602
1127726186
984113621
1154740643
69380836
272989668
3922383033
4161036463
529401121
3724967858
411823596
717848946
1592044618
4044003148
217475127
352520159
3567048152
3037744944
1841087577
3736632321
646219308
1220893080
1937197506
3677767044
2414985214
1669326816
3251290514
2484336012
2701314061
2710119935
240090247
296232287
1077498372
1172085521
2510159530
320912250
3923987975
503799128
3620912811
3293776031
3734176201
1963546393
1194052433
2869767057
2785847588
486749735
1934747018
1363635219
4037211755
2518999585
2813650297
675330343
1288615701
3303789074
210577617
2545142721
4243864189
1667291627
581371319
1158644644
3381575857
824390437
3660396085
3130610023
1989932243
4191274080
3469058561
4286427581
2625696691
199133217
3258824166
43913797
3504358990
804007144
2372227737
860405322
3244461373
81314833
1294461646
2245527627
2380780164
181910800
2596259746
2819034108
4172446997
1586440636
3079910889
2596849804
2421742887
1100272585
3992914096
864428886
2892296685
1626180618
1703039676
3426334748
2081115149
4176229609
548264705
332596011
3270312949
3738279631
1661460136
189861225
2916049447
1578371285
2253597694
267065110
1017582358
4258135281
1148720615
2296099385
299362295
578937592
1766886425
4026097108
3843719233
1106034052
2520976780
1696490824
3087964821
2103227112
515681605
309112212
185077120
869629561
4234061713
3308201432
3914148023
459353528
1657185388
3651286298
1582952793
2530062310
3496146659
1470951314
3593368283
3117843276
2658933786
283109167
801233903
3677139167
3315719310
3026595972
572078000
1439462540
141140007
257819350
4294249491
3828308155
652592700
1402935084
1430643481
3879119013
2859256981
4045471367
2233501612
992816784
4139049394
1587711358
1100541771
3998021021
803961202
50827919
3417694492
3757481342
3334423758
4051978810
1813975133
1876496116
2776114428
3777350176
2387752018
1813500611
2606298529
518224146
2643426483
138070328
2989487556
3731457066
3179419185
873610593
669249110
1803291214
3471521602
2935645955
4195619577
1730293152
1806750914
688232861
475138142
3412115327
259442182
3923773379
1355121155
2056690749
562833177
3849781258
2079138915
2118997667
318840829
1646880295
3918854129
279704626
3067899581
4032340727
1109849745
68559664
576823847
2236135600
1755926391
1760494692
198425887
1461225479
2708168747
884899634
3340080939
3560514822
337569073
175260353
554152616
3773613588
496228260
3123072670
4187202006
1925503475
2574622374
1762057879
1737947166
2230116832
3593141381
1431596213
3849728588
3251184524
3428494880
1880373397
3015836332
2903743895
1894155207
565055524
821472990
1557503626
3571519729
1619486969
752512230
2013288354
3084686377
2585529133
500114488
451183871
581668374
1251475753
4086581963
859262876
4154042803
1827723233
200479477
475868604
3747077525
3700167974
3116068464
1772008776
184081659
985925436
2639155759
1406361809
3569815643
3252128695
3348737173
2174676909
2015310126
2445791447
2276803474
3799598495
4230322424
2630568149
1118407867
1011579462
2994928628
3556461749
2697566918
297099255
2088837023
2887192534
3171699098
1392279915
1903081070
4124611346
2780590689
2034446305
4157289795
2259659079
2437281098
2965727669
549404563
1458056637
2400740216
4199313973
3586270449
782345088
3769201798
4111246025
2705508767
3709989564
743474077
2032283032
4030743786
1339297823
822270915
430786365
4054309474
3189899823
1105799456
544126681
1958298211
1574645608
4134306597
3482134316
2785661175
252156672
314836446
2647850273
2550251569
3302899162
730361063
168685793
2215729715
2624000688
3566901339
1340255861
2402396546
4108962589
3049769252
1331198636
3427524795
2108600977
4267183774
2096089404
3901841835
857330238
819716220
377688915
3165767431
4284268667
820260428
1735774317
2705657320
2431675807
2349668819
3206284202
2771531708
1359731404
2788224000
3796073808
1924620037
344825055
1424712612
3374928072
4021960969
97572209
4077669542
3977036361
3524925008
447058360
2135274097
2176914881
2960565003
2106147800
485961952
2107095298
2055094956
3491222168
2718613887
3212209691
1813594467
2401968139
1731785109
1613159709
3455358186
4067304106
2808578375
1865354919
295555845
1482898994
2708648644
4208455691
1953953357
2632713576
3757796857
2374774843
3096326374
2040540392
3080388745
2438546638
3132379314
2046882873
1983522378
2182408563
1912638207
3841630443
1980373030
3373115994
4096985846
2312373331
2901547339
993744618
3750241968
1929797136
1421393589
1534649506
4264131354
1633549350
2173910208
2506413423
2036974121
3729463637
3218204380
1677611578
4111326618
2617036049
3720006929
2476151086
3957773040
715141168
1023067976
3737698032
2835063860
221839592
2130249933
3368646989
563006658
2809197827
3636286756
1932819093
2576296118
1544441034
157350371
718221929
2368225515
2103588912
911734809
2598606947
4081795648
4020950704
1332569742
3382080943
3354804076
4277013351
3337503966
205312657
2348897085
3689794545
512142865
3943381565
3323235444
1242105192
526137848
59677365
3661949617
953027627
4179373229
1320915285
2725564474
2450964705
162000116
3074023701
3809361783
3104092213
3386465566
2777232447
1878788508
2937303633
2037305047
3855624656
614565395
3359081664
3176975645
1320047885
898232433
1701810640
3787369183
3768660944
1961892608
1875918844
3555104099
35509292
1615725950
3277364269
1710885892
1011671972
3051272836
1013335316
2445860171
3275029975
799589038
1222854179
2138206603
245471244
2364680118
2998008340
3773285247
1894615691
3029907720
25153766
4050507355
1348453352
2408408277
2241005873
1970121784
2201333308
232897326
2760533353
3792549734
1143938143
314792333
1773701738
220738703
2148651688
2728903593
2579451040
1355106689
1933552384
1278645890
2119379731
1672881035
3701978053
347656770
2944755649
1938197655
2346587851
3515361900
247613184
4139381852
593251393
1454309728
2236198672
2870071351
320484839
3992883801
3042136300
1984665756
4184201915
2012135602
671788216
2438438226
2773991027
102557600
1654206095
1192511110
1719691411
208950011
1440175675
700996086
3666063743
2076831146
3548936599
433305477
2715740787
2475830533
2462728158
4165718639
3741669341
4237090850
3873126573
97257722
2342309306
4124647960
1901203533
3607524843
954184809
359897531
334625260
3891873393
2468192469
2535033617
1104123511
1155178163
548277372
3237206901
2709340138
3971809166
2369572887
1456889813
2083185246
1110125225
2022015743
2699095433
2044437413
2388854952
2824464108
1424605232
4178228158
2663276983
1403371933
1192613772
1150163721
1180150889
245677617
2701346463
1203405869
2917282744
2993234541
1887000005
2299108843
2444276958
3141280823
865655199
3714230967
786868122
2327822870
2284990551
1303145194
2036907291
3661160784
3242355
1279122449
1684743855
1815384515
2515345432
2328217668
3243497838
3999068248
2340463099
2956441493
64209880
3642485318
1725014179
41953778
1930978661
1376536284
3032288734
106092363
1156989376
2970007924
1944534657
3649871041
4152430290
360723701
1009872882
1770548089
468835056
2170489718
1811123557
2802791204
816753530
2893218954
2054711773
2368214964
1901096585
1032578971
1572745466
2270002570
1086099370
3309520336
1432862316
230012315
1917586271
2093265535
3585530603
797568790
2333485304
3053897330
3570250495
3710368717
135113524
1458850520
2242433579
1947771161
237799786
2928999448
1171476623
2933787395
1578864337
1378048339
280691881
2214058818
1030140442
4231636554
2392785147
1667446401
1054802705
169322802
2001721994
46704189
4220273219
531669850
4197385850
1979614831
4218176554
638211581
4056549287
2210111738
2157857118
1354202148
1496083591
2641082816
3475724766
510582040
2040789681
317925003
3352635906
3531002860
2388343244
1940229716
1665583333
1021884070
96552005
2466000538
3224469819
2843918618
2899015077
1215526423
977340324
2361860914
417539473
391157149
2567842988
3920690545
2172861997
1687420179
161688530
1234074162
3497026401
2496812557
723577944
2638622182
1396574441
2594122827
3379964428
2910528197
1228632449
752960231
1508982978
3691166531
3490706833
2219704625
3202127139
644926380
1689336763
4185623800
1133909646
3278765288
3337928318
879071326
3589856461
1017874911
358977432
3298619135
821830582
2287279888
1260955844
2619976734
1713197275
1616675925
797973245
1970059971
1645218203
2666697030
4096932032
1613932118
3164505124
834290727
3675117636
3180599385
4221651395
2825194572
181351557
882872187
3747703628
2834238252
1480446069
3470551751
3329994537
2776459770
1975450211
1427209322
968585193
766311747
2686327790
3285638218
4192126988
3522465002
1627794911
1194637034
1435218401
2580002516
1570821283
1988969574
4164160400
3536124937
4039305103
1687295177
1991241150
3162540886
3950977787
4208854270
1646213050
1890751664
989180209
1134081665
509640408
870661961
2263814759
3146107276
2225197380
2831375150
2842748072
1149070274
3438734203
1414299908
3392392684
455051066
781057754
2517350166
4280323336
2308172336
851939926
1433981572
675428329
3617713540
3948860289
256551326
3720271325
1841841744
185916418
4157493478
3495648729
3930822174
88561814
3419802658
2080393658
2362403614
743825621
2187263817
3428172124
3485800679
1655583739
3986580493
3085016446
841781364
4113326737
365101460
3263294160
1609906229
2847286077
4013110150
2995521236
3394009328
1154563475
3296490169
2984654147
1355610914
967209869
3207041945
2727841870
1235935048
2610266309
1735866935
536556064
1267744823
3074651980
1523897339
2156443495
3534592865
3735916321
167671148
1743794626
1026593960
2587705855
2849849800
3615183212
2291754002
1190640577
3257892063
2567264952
3569579386
2701377560
1389369602
2938766525
1456808564
3255818646
1048461706
377312866
2135207314
2717432679
2810072434
398500994
2612239910
3546696824
1928954894
2709642444
112663267
972113532
3493148824
3778172800
3878480540
1279119163
2328227058
356568023
2088332289
269251387
1967596412
341288710
3911148414
2441966698
565356207
579641427
3764720531
3363612226
3956822204
756016126
2794908747
925018287
3261366384
2872724648
2544030548
256482415
2813800879
1259043420
1054916183
1131258440
737340921
4203129190
4217166741
3585786024
3796117542
2935046968
3523177356
2764338913
511887438
3191325765
1562373234
2305519341
3681383778
210862939
3598929082
1207451692
3936139990
2019156882
1991750415
929601150
2059451619
4106658833
3996993559
1349082660
4013436818
2338314710
955900047
3757620766
758615147
215381969
3889362074
3493601598
2723296604
2861232797
338745911
1820949124
571547542
635988696
625660449
1738301287
4171482868
3586967085
2688775201
4158482558
1619781216
2269729003
3472431535
4198936371
3236279343
1265623949
3250614443
3862859788
1547873961
718410667
947582744
1172110994
2856619010
795881782
2542137970
4030194887
1697249705
833478833
3053512868
730944850
3008747707
4072929387
330417270
636044002
903471610
1194763308
3957347892
2882024221
228713166
2517193168
3597440504
1253925595
3040509766
4092179498
629790520
1658027931
2258503145
36675508
1598051025
816982450
1403556914
1965387107
2540072871
1137162224
3180018516
1478399177
1159916609
2970476874
1675300950
2935135856
2200631840
3276041253
886557765
1796979582
3154752501
3586492540
2745013109
3878427176
3610551403
319448082
3448749787
2796306454
516184586
125583924
57634606
2377838891
673463841
1054199772
1826588354
3019872346
495220853
1863593728
2172573839
1943608232
2539093048
2035267813
2175956608
196678532
217963815
3931322219
4001662805
449832851
3202137946
2672073148
3744011005
1639086164
1211906993
3279573245
3305910940
1705823816
3989202618
2757243117
1459029092
4126006715
381411187
709929198
3807490917
2020322289
1124900949
1680444877
2939540939
194013567
1905757269
2742528533
1675411855
1714886955
3980947952
4127190323
3575013157
3468740566
923539900
1847379358
443926614
2955404580
1405913737
2392330772
2408578328
2144731794
1140085345
1609492908
1452430825
1361718699
3331869821
3079262024
942482141
2056730140
509300904
1898811574
3479054872
564252495
4127921076
1594121516
1700124346
2047054482
3837142973
1578009677
1017637273
566135968
3201791996
448721637
986249874
2192232486
2166422800
958440136
592902551
1487335127
1347814520
2735683573
2591311263
2124183138
1295232632
2659338324
1945176251
1661111619
4212171110
2793308632
2729665957
1139790265
1588946874
867116528
141397771
1389188857
646482842
1596607121
3771495483
3897147969
2555106922
2193195036
4045102365
2901022293
4226736477
3688323676
4236165429
1449367924
93843104
3053099144
1011091902
638684886
731022024
2934028765
2581155311
2982138698
1826765009
631750739
3488323211
1075023391
597469338
1102693006
2028055922
1177698343
886491804
2655645623
1300259341
2228817314
2771013901
49276571
109419725
1276341643
4121115380
1097226969
1351819789
2214143176
3215449159
655752396
2486580151
1862143546
3056920987
2627973732
873244529
3293903562
993906669
1001594853
1821972263
823237328
2228119027
261860197
578181467
3890131578
1754555828
1468971007
2878097025
1677404096
106431378
139130912
2506817587
820225804
3464908477
1795370029
1077130886
2923412246
902390487
3356455068
792456570
2349954196
667985653
2136949964
345394327
3078539018
3063064657
3739663494
1317082234
3837268062
2599439271
1144261121
1867910366
2837669189
354845543
2275990064
3277359937
3584806414
3190440734
2738779129
2181796686
4143614382
367225376
2011547283
3135253772
1299294494
761369093
660717931
3081458967
1704494561
2194208269
4070717
2555411102
2570744952
1134862063
1483434718
1182763281
656271984
155419825
3243110211
3930159393
3906252922
715068724
3432140643
1566333162
2522814279
252962605
1017313919
1933069682
294400344
3372413586
1681758676
1403804426
2343380525
2137251408
1146311946
3957251954
4272409076
2167243735
1120832981
508726692
481316565
2941337252
3727882227
2518534548
3902000180
3772769268
3286032574
490429141
2762223934
3191045019
2263568468
1456295864
2709718222
4249996236
2286461843
3384116679
216259824
898001095
2803930815
3441508067
2737058501
1382878814
3456972667
2814175375
2191026014
1682188468
3619543110
4052905538
3971155635
2216770089
2602512037
2953332032
864012166
1101663444
1584058114
1780111465
2839906107
663564864
447019189
948145925
1466232676
656482988
4172684454
1761749640
1857845749
3474954052
1496225234
1663321608
662048873
3178498239
3801959630
3975181098
2343397887
3060200182
492328164
1315463889
1205905705
1145092934
3388771053
3542224919
3970912913
901309648
3501932640
1524905906
1739033348
377593718
2848123495
1675627847
2338453590
310847292
911935393
123423427
489530905
1783402187
543686734
1127238347
2832819627
1359442267
4042091960
99153241
2161002554
217896439
655800640
3033463440
1493737956
648912386
2209363139
1614273392
519425475
58534553
2902421165
3525584657
3460956147
823511167
3124650898
295806469
2391232694
616026793
3342797606
3675627414
3174765294
1834424036
3632328490
81766611
3447856149
2387845505
624552180
424910233
2604770111
2690164217
4237617072
1621707352
3872565876
431866766
1501517645
584547934
961443961
2435434903
1739055673
206578826
4114524926
2876981304
2957310118
2064509383
3200153314
787805913
2346141692
2577082680
3521452704
3168849668
1101671276
3928885206
2806643296
1097204954
1027197996
1905518575
819433251
32454633
3911602344
4002946213
2558052950
2928627692
3168990814
1727763413
1124182653
61888024
3357828995
133709164
3065677428
1066825191
3582161149
2757137341
3312870951
1404692860
3984050730
692393328
1948620274
305133242
3410909185
3621198803
1558483464
1906036821
1795022203
2730611622
787209125
539829812
3724354579
769372168
1923935253
3895885856
3551876377
1079408115
1134247229
2993609223
936535525
2391046184
1778051803
3720445897
