5000
4264092752
3226102615
2632896402
1501109897
2281403032
1600482459
1073446466
4291260159
4083422385
37654776
181892097
1463201901
1444901539
3415391445
2258413609
1091324648
4005363719
4181047223
420141528
3152124729
1976150152
3001629136
3215956391
2767715349
86191644
13575612
1650960472
1714178263
2628079855
2279418902
3495769863
2425644184
1812775439
425455031
3533033792
259395778
3100900725
478316941
61638704
312770684
1785911637
2778302204
3171488400
1839515731
1254002124
985464675
2044548517
3638920761
3032237370
1130724603
3890134314
1949700471
528340467
453520982
3777651079
2686116413
3049567000
597175901
2000813662
1664630960
1387278091
505972074
31831360
3944315459
2772455742
789427340
754132282
4000885772
474226902
2156242839
3205075095
3906554325
3500538279
2633389638
174624238
602768419
1786059907
677464322
1756981446
1436485166
1630329640
606108727
1622888057
240480647
3670884813
1285263981
2258200792
1726779948
3194130423
2802025537
1500296448
1060687605
328084375
2715309314
3308062975
787944086
3704987876
1113355488
2668004587
3634664301
866228258
704079989
3178100115
3478117683
1361484473
3605689848
808492030
1453301220
1105653607
1672755191
3498602446
4115292911
2636853746
2955302970
2676542124
2253554354
3852309204
596504114
2125614079
1579145796
4045901501
2009257311
1629288626
3368885633
2004475147
1560129976
363294973
954515325
2679130265
2487745029
541538995
1839942280
3657488825
2117847074
2245844104
115482987
1984089688
3731765210
2149504246
1474720494
2639710852
2859829302
3392182145
131809858
3801073885
52276346
3735579117
3695270593
1067269716
2454553648
448198299
3069452238
2510027260
1731815902
3479343641
3582345184
3351358557
2977247763
3086642739
4135382104
74513800
1019198692
4004015886
3646443875
2371860673
3044949901
2979443801
1901617008
3033979540
3359455222
373541596
2709137114
1599110878
2258075426
541121237
2939512808
2008455708
2652460142
442715626
1155046068
101386840
3980480285
968385667
1284068499
291769661
1160778475
4046566020
375448675
816814258
3456418381
1644146785
3947412577
1641367190
334894323
2401789588
192764612
3478695124
796944958
3034843641
1998620357
1204736332
2509982076
1946992515
3602638694
9313080
3048507356
3908102335
2612272030
3337805119
192078070
3819576978
808933869
3730712845
3850856003
3775248909
1165490592
1041163520
773785897
419025898
806869453
1773946788
3635725380
328134629
1724892184
1062288327
1422899757
847461573
2094110602
2342782961
991303283
2665293079
657700337
1073119911
3473992616
3638151917
1303707642
2050969465
1727976265
1095565340
2749314590
1608351718
4036848714
1279886466
2864374104
2233330503
3716786226
1862035522
3923179908
2124890358
2791300277
2671942073
4192029919
2691954185
3546495975
2256765838
3518897847
3390508693
1983711771
3045568595
3801641809
4200871707
2322213030
3097123736
3560107863
2318202735
3345504407
1607523553
3200101758
3117228754
3842221821
1954121383
2989982571
3258273223
1090035582
1906461408
2153898397
3064544003
2893424153
1583295652
3433330400
1128118000
4019737929
1548203301
1436753505
2497227927
2635175382
1184998418
2025773887
95348190
1522830886
239593387
719509199
2522251340
63006297
2968041233
2927686808
2444420543
3278148201
2586918047
118739640
2098002238
4250849668
3509089684
3093719642
1861330797
1986221113
3510009761
2745104817
808212546
9267997
1044036148
3890134101
3506874096
2221852667
1076550389
562478418
555725890
2284889730
3757402406
3541181108
3500907345
3316208350
2861084658
3122278110
598930684
154794711
2105590437
3835944150
3860911438
3977122436
2817296461
4261967101
2910821083
2046217562
3991953533
390167507
3983938671
458450243
2670503253
1233009123
3004246314
4105148596
368178671
453704485
2080246238
388042104
1840826788
1715592425
2907378932
3907143673
109175457
3134359467
2247620268
520578228
816869956
640732733
2271214241
3883464789
3981367354
3202673443
2362875108
831385175
626756091
2533025536
3319610624
1166317328
2547395680
556089940
1488171233
720706615
3655421569
1758580102
189560741
1979497599
966263849
2594693278
3903147150
201390713
1357417113
1759955187
2830497637
86860271
3706171215
3595328612
2319856271
3471438031
1859452301
2884665402
3349935753
2975729261
3352779563
3781921267
3447509980
1929406484
3680739833
293788862
53916135
1764250994
1460590368
1435064503
2590991101
3254668107
1694989362
438594957
2609503620
2926960584
1213925452
2466729060
2208023131
3380848459
2737877619
744180738
2641400984
3368194757
3153237639
2780335386
4023749783
3268879794
956177062
786992529
1209831170
1056644904
2305604905
1674748098
3381014204
4284835148
731486318
779176806
3590006273
679887783
2359055521
4162121372
3018861461
4064855880
4148265011
4121277195
3169216804
1305581532
3432752034
841178802
556588584
862075509
892563030
1074603065
3569584787
1248531962
2708573534
3169451998
2289150697
4201908121
3368631618
2481608500
2714167960
861328021
1426718960
1230526506
3737987518
2176823980
99291926
1004772021
2766416271
2291516305
2414938944
125777065
3681803776
1023861092
3964079634
3491779703
2369035697
2247375248
1264205350
2001639760
4036779255
2407918895
2172889558
390668423
1862947711
1137008277
123951883
489536328
2751417059
2031499711
3925627954
28344896
2529408658
616670192
108295864
3358900515
3774764235
2338675898
2920291444
3196877855
1452527432
1203989313
2938625088
1618081766
2319851284
2462670243
2515591301
3034043767
2301326677
4089877212
2634904443
1397880097
4239506921
2883994326
3125013742
1805851368
3289924805
255777104
473769544
2781730741
1530008354
2999612175
1064007780
3233160577
3798505334
3062614297
445263277
2226400285
3932544663
1341268172
1744428424
3393215285
736195494
1816236001
3263048896
2021664648
2326169051
1456383294
60361269
3046265146
1926571476
508466091
3155140873
257261137
1624457326
2755605331
1001382256
3386036145
3655952961
1461610199
323485747
3447277909
3315137577
170027796
2118506548
2693860044
1506849554
3061173902
2104152672
459577936
2953394281
3724496702
1494651527
2376811473
1238587799
1588242535
3256398536
35109735
42513419
166900085
3370232285
2412470605
1270333900
1071452588
1317033487
3595636664
3069496354
3011172591
877962711
2028449238
475408346
734990223
915320639
784353996
397289456
1012998335
2850922392
4241942783
1536513084
1917823231
1409118854
3642055144
2211107885
1597529441
2397188738
4152160318
652037170
695945147
2835594769
2431274966
2657760511
2566719728
2041578810
95031252
740154411
656307052
959887786
3653492195
30282830
3522147361
1811244536
29986896
337696451
1601640518
1962287411
456921242
2864495182
3639283867
3895638415
1970250528
640384962
2750170683
3641772981
2626058021
2772741907
2830812311
421325889
514617005
3518102500
4196782509
3050219737
3530333404
2652496149
3303247823
3025858920
3453768299
136221714
3277815930
1032411176
1899621148
3691537381
312314023
4187208024
3574410604
1778181132
2469239603
4114123398
1360810583
3373148875
3585181274
1691869864
1952779270
1517552870
1736492895
2730285401
395677443
1793199200
1095275081
1859771950
505545855
2493620493
3424956736
3859174501
2823930276
2511978840
1187499397
192069130
1161400263
2417312896
3511028822
670224564
181444676
2806193717
627667895
1988979332
2860633010
4104836904
3475789041
2378701313
1452456781
629387409
1686912582
1907032954
2069996402
4006556669
779660289
285818449
2558609140
2046746530
400785421
2583988235
879333965
3894674675
3207433083
1281238616
907487364
979386699
1078177327
303505082
179272989
3062282390
351574740
748904239
2217023666
1766540994
4048095768
3510212584
3984328777
1115614741
207675027
729875224
2624299935
2483546483
1466172584
768401328
2488497278
1245466713
1853381029
1451857797
436468821
1951790108
448681191
2589133998
1965682253
3130930046
884067078
582117900
1801620181
2711641378
3393510413
1829435162
911286205
2956800339
752076512
3177565474
4247655212
1761366522
3252586111
1994655917
1975362981
1340472722
942446723
2779859954
565055421
2994615696
1528677870
2727484216
3911545847
3860365587
643937670
3220463929
1945207331
531730112
3910237297
3023244844
928762299
2488406510
1041809779
2676265647
3577612011
2195529420
1604696679
505559832
3749743438
4039498531
807413220
177778456
914107674
719957730
3114059349
258680853
1492020425
3252299510
219220560
949108539
2019272594
1929404807
3848217429
1416596920
658116760
819685490
3974334726
750193724
299592669
1609910502
2160867552
463096358
2011860487
2584658021
1204629726
895189383
2826694654
4030532327
3388106281
11986197
2556948402
2562304206
689571316
3920217487
3537043788
2716854428
756217933
3217090263
1896253915
1280679150
83494039
3112047330
2650872055
2105282206
376004159
2439615790
744347745
230729649
3415572089
2024679033
3978568738
3804153040
4152339650
2582556834
3373861013
2762260265
3891460425
1040406705
2319831205
215388702
1472394894
3968666955
2360098639
382712666
3874619530
1544107386
666396180
3482463883
3803654979
25290718
2724156903
765724514
4148362781
709753032
2927857386
2947123373
2259096219
2416981480
4244263259
544021730
1351698305
1178814165
3445745112
2659529983
2942863809
278535055
3262586291
710373393
1421287009
3659135381
2521126096
699234112
2458506547
2462888034
2982657134
1268223433
1040480943
3572672382
2885922616
41619532
2276695051
2737535322
4134365518
28443102
1097084546
1262525899
881047122
2415777848
1962935616
3951453322
1730490632
4005873254
2567138346
59635981
484495148
1640538517
2201510661
1968375526
1105402275
2796655777
2792961169
3813349961
2210130826
3130562412
549204635
1291146751
3060693157
2440949877
1078800083
3083266709
2157807129
711369265
2510956961
2357875962
1065858580
1542470598
683146390
3242819379
477484659
1350198404
137291125
405068843
704065688
2184462442
2630687795
3036930638
3149073716
1800951447
2618299460
1388482976
1385748971
4222129055
1016578747
2038605759
627984571
3523795385
1025380828
3524695862
1833994082
3825527139
2257505152
3578706992
277062974
4166704295
2699941365
941196035
4286052474
2603643695
2857830677
3162967766
805320866
82522145
682712866
1918477624
3934665214
1390553247
832191409
1114401696
2972920706
2110723640
3336314470
2678275629
2892053843
4049655966
3974081184
3525628086
4097149865
47697676
1607623676
1004767961
3612405727
2052185421
2253268768
526012361
40262182
3592972340
2244410961
3161283331
1473964017
2630652264
2575412221
2344669362
26785044
904379059
15586083
3560546127
2853182901
2575786567
245438964
971290045
746049624
3167697781
2130697687
704449116
1550892330
4007269155
2982955994
1783773951
1370114673
2055326182
2907794535
2721199280
697140259
568217781
2351765103
3602829260
2518731058
3017013506
2737019177
2864989931
2831671515
3908925500
2787591116
2608585826
1007344548
1511765079
1179943094
4269736258
762102894
504813646
2196802808
3239785090
234411433
3704456689
2273927522
4217374870
1309288308
3052173747
788960954
1790173290
4118217597
1251258226
4103216032
105346523
3583462837
177950574
237351703
3117261317
1539849690
1847643673
882921757
2463451298
3365200599
1359436189
2644482033
2355269729
3056389258
210925079
1084635044
295148249
4250689516
2155787472
797057849
1441967697
2274916665
1949509260
2179370493
3842708970
1310705434
755761709
746465394
2649248403
1555683158
3041396388
3662133989
3359747057
1223404755
3393879079
341647430
1655330133
288650435
2373956195
641865701
2917455998
3702709820
3591856936
3560529338
3728811756
1263297836
3333893700
1890543681
3769407385
861907422
1734328497
408628209
3057116789
352622336
3122575997
2802224009
623069525
2636555014
2353172466
1188907350
1107487964
2741537636
395203373
91428343
1851335344
490853894
93884375
908208713
527740924
259909628
3809711179
923917049
2924172492
2507937878
2490093678
1383278875
2122864901
68883603
2235843032
45315574
859926292
2658713127
4275122818
4077559192
567654268
758720440
394434925
916151571
2807629352
1852661291
683800521
789883358
2265962201
2168781851
1418834463
1847716412
4883296
2139550323
2370906569
3804638369
704999336
2302290007
3140108978
1751478220
1096886257
2309250743
3925182382
1971966270
1097791386
1886416548
1883432746
2285012632
3236695540
498429169
3572070747
2192989331
3402985635
543537372
4167224710
2672345386
2397208672
2838236203
2730993207
1091740030
3937070157
1465325214
1431157331
533882996
4203610261
4189071592
2844248679
898161302
1973100161
2816008026
560751273
2521859589
1318113064
2315069921
3864971048
3160820922
3137707442
1065833787
3005645574
2662482619
9030246
855903331
228967730
2502135338
3986174642
3998596895
2459786775
217718337
641802748
1877099815
2530179050
615571344
2013806789
3989293264
124371331
3767051206
231918061
2731096433
2878131106
1739110358
3723010933
396009859
2527885873
3566656146
3411006705
221488067
1619467502
3590328639
1644908532
3330856429
583580907
112944990
790611811
2601239953
3200946702
336118868
2570814825
1178056173
2679663594
2567646254
2321198253
1285215118
3943363165
1354282250
3633460453
1397152960
2157418911
662404813
352403518
3716109621
2085113438
2378215472
3568013493
2306457722
1566432237
1553234962
2441934441
2904279163
1244486872
140920162
1787709942
1499014311
3912423086
4101720768
3961570673
1043075020
3837151442
321206311
4267393450
3395602956
3363610559
3766301008
2783701621
4186289542
266109050
1523597181
840880978
2142378772
4114935411
3932340575
547422396
2349938167
1239017179
1668709222
2286252995
1070515411
2859545687
2444167639
3495083894
3807537897
152974761
2833935480
1229353481
441953472
941718565
1522062952
2252890196
901759839
286730135
3053668377
2008863357
3825442428
2658212876
3365275542
1783490459
976528317
4251857187
2484139777
3012419446
2620457510
2831916356
2450844130
2531133568
36576896
3511095283
1187862624
494028102
1989110906
630016511
550159105
3804238853
2139730117
3003094759
3158610916
184788801
3334379673
3051726551
1689302770
121990243
1199881994
4165509874
3655837039
3055805945
2865292335
3704930020
2292707019
3190819268
3777891449
4274840294
2886131244
3732023726
2475875831
3944603037
3888569196
202752935
4213898659
1167443592
697010829
1841011227
3211084175
3955840960
187489583
2493623849
74944111
2365906797
2092239636
2574793950
3055922132
372383645
2958346861
1839455398
1131250240
3855309724
1229336351
1503365771
1666009828
2692339624
261083632
441819937
1373635193
2197380622
1320141993
1548633320
2225861411
4222806031
3056498041
3626684220
3262469636
3662793469
3521677970
159896208
617497123
3003187700
2078466636
3041946183
3813989192
2773333779
2684867505
732700531
242603115
825968405
3721029590
3192454270
4190423980
3679180005
3728394172
2818141585
1520709226
1147593578
3124622938
266952666
1650848187
2916709251
3921729582
3130108902
4038331045
606858413
4173414736
2258824124
2212037557
3566043436
2210455021
135253544
988001889
3952260611
3305302839
4057207215
750339873
4175180501
3878940263
575448726
217680693
720363103
1839895121
3424394762
3736074788
1889080519
4221227005
2642731912
4150978788
755764721
214879936
3964889902
2998959424
334105926
2840242744
3234530918
1477184313
3268766600
3505761899
2936165379
1661644528
931370962
3330984378
2463550051
531626158
766033407
529499532
2138929741
1626724381
2405512633
3630432787
630076188
808877823
1047802952
1524924243
2104055552
3011930056
1707087065
3259469774
366870744
1299939864
129895476
523205878
4110377563
1423229452
1145668771
1598196469
2764377058
101401844
1824480921
2660529559
1384299971
3102212329
2241779002
1359449311
113185968
418911373
80363452
1749497323
835271
3425678513
91214399
2190925886
1570493704
4240331049
1021686068
2663970771
3952331374
567747491
952969462
3240117005
194922973
4021042531
605032660
692666232
1004344538
536644762
3705330582
917046088
186911499
3303458718
1917313089
2041603334
986960247
3553207461
1713046227
755620148
2023867291
786309941
3921030171
204849154
1631456376
2607182105
752887659
2284857895
1322289409
3800226075
1270016038
2981873495
306266890
3336441925
3118701993
2286350143
639240618
517380238
982399296
3188914583
4271895224
2428741296
1766466636
2198612943
1023735297
3402338537
319098765
1602548609
2166248452
804689824
3134753581
2958263380
3479784667
48250409
3895001852
2058512550
3096481744
2632898657
2100489841
605971830
964216962
467767493
1949143460
4095282022
63118224
3317468445
1043585659
3381178411
1303339807
410924002
2001161515
761092483
4179338280
3379224982
2451578871
3372818099
4260523824
1226167261
1592577193
2022027467
2210553297
2843141300
2510428789
1559798994
1875961912
3316393391
1099159855
216093068
1812619954
824330880
3063968003
641228521
4016630872
2657534440
3477862703
3451860214
3554865470
1028154866
4026105943
1164001198
1623269284
4193121476
2532066011
1655448452
3585087489
2173808099
1931230996
1912304881
722467674
2068880425
698758764
4121824910
3853142597
831469594
470684122
2932692625
2575460311
3858490427
2527123688
124443072
2846808734
3690485801
2497151427
4273533483
2059459126
1438130354
3202956103
3840263921
422070576
1301821656
2744558225
2411013255
788586114
271623524
4167821752
2370047099
4188036712
3632049025
980254857
1928264819
2261110442
2449135598
1964345310
3619640781
1899989078
4214321400
151072839
2262569480
1172208543
3988570506
177263556
229205904
2310324783
1364756923
3746251640
2468684262
1454002792
2146281786
1373047943
3477949313
1821020480
410852179
146622630
2980660374
2582753582
1471515255
3666560777
2410726824
2253716503
1580896509
2404805188
2281600210
3566465614
1784927756
2065219325
3092484718
3591042859
3700655733
1084673373
732499970
2235317407
415069692
3120137071
2259685524
3535812935
2944304942
2818218476
2314177290
46946179
2767446335
3222004483
451035947
3662924814
3516651863
4215046051
1072208923
577248807
1925463952
3407384259
1751931190
3638699726
2157116945
2963439511
91388868
1249706031
3260753463
2277043789
999935595
2621868979
517917935
560238350
3126290025
1271713990
71108754
1139829481
1753264491
2037048295
93370260
1323914422
56560110
3108984277
36400860
4078053221
347689968
2588512160
1249871496
1643261685
1320045911
1572073524
2957531648
1929480374
4060966906
2229060222
1336059950
2356842350
3580833665
816854079
3099377778
1478933086
2234258384
603540637
3943920423
2491322694
138822702
753678149
425180852
1042455770
3340942460
1445698470
383428728
4116793959
3927937239
2777629436
3511801769
905335434
1119837961
4274566763
1692892578
436383257
2036265172
3355494691
708754320
3732187428
1474887673
401420621
714166196
4173870882
27453412
1684231186
3377457408
1938422211
1418538113
1710865337
2569725469
133030326
3562613720
773143587
487405719
799737520
2217566524
49475829
1247250655
1574683128
1172508545
1396086066
1150388749
2207517703
2033062119
2397874127
3031048587
3999389369
2455122024
96443473
1336359275
907588908
2057857027
1573071202
3824411183
4047063293
1419999663
2927553807
1089935967
2903680438
3102159186
2900376174
1192067560
2627628827
1600265019
2228941748
2422081349
1079569542
188601583
338828024
2930037100
3347871562
1468931808
1650044731
1646580642
787275349
1686047055
1310198524
2256083680
1172952400
3587057798
4121232799
397828852
450029699
3246553266
2733889285
4229180154
972593417
2513532969
3618906503
2715539659
4210611251
1324335945
1261792680
1267149888
2789360141
709953617
50189827
3714494680
2935550122
3702127531
3405632853
3611514364
3969937445
1649279884
3927715977
441415177
1978131470
2931789349
371408188
3868260592
2743163007
1722629398
4235963035
3484349138
4155954645
1036055786
191394357
348209461
2132881277
3027286823
2529570433
943058547
1300277657
2445345849
369927731
4168630802
634281082
2881803250
528647140
1867635608
2084922833
748347226
4041628609
90006769
2379505181
2103307829
3233954012
618057154
777834993
628601248
723370234
2020977152
1293592573
4212794283
711408270
1271547887
598489164
2236604292
2215311119
2816199604
2806485224
4060702883
2284713225
4228200545
237934793
816154687
2226850064
801033963
616174243
3854059993
2780225846
840776298
1582509394
2954932639
547566209
578908286
1341810274
466085093
3079432743
1119311079
1259181969
3249260048
2023178655
90829828
2838677387
3810336308
4006017808
3831949264
2290108959
4121114340
2402294919
2281253573
2354480848
3292713091
2710684530
2334405737
2633554188
925912607
1889875161
2186862357
3475768778
3285622558
3447355064
2046145963
3858245531
332953671
2409031081
1656846745
171324621
1269912539
2697479383
1425932609
4030605893
1986054156
3336990762
3453225164
2410251549
2847110042
1468820824
1234072813
1135776256
3791438909
1660408060
969954094
3927976651
2111663806
2089117877
3477923517
2438995181
2984975225
1923311625
294587149
1655010160
1632011338
778051701
3490877685
47683707
1995711207
537175673
301750670
2534895342
2933171712
1727900728
4103859508
3120440680
1515348115
1811625406
2066609034
196842751
1480062823
3171084656
12079790
2462833859
3814876731
350433054
2069504560
288464218
2767512962
1093236349
4064746697
1663255857
1105992287
2485839517
1351449077
3354216318
757640178
3989405694
2483651165
2129467893
3458382836
2817342831
2305190162
311095188
717118098
1731567498
3973225995
1376918148
3091418045
2164316460
1342778333
761247686
96170274
1112767933
3833191148
1253539907
4250133795
4270847206
4238104749
2217068152
2159977912
1535924811
1433055364
1827108588
2320758002
4070558754
173166781
2332444979
1918735926
111298667
960562069
4076084285
2150913183
1260293508
3482025544
1110931275
1629132179
4065405020
1028190952
3472154382
1210061030
2442137134
3058489075
1931985438
1542832466
3683042739
2440325773
3969938982
3568220921
1403647028
1347490203
1472986677
2473687150
1384460498
856574150
1106929022
3668006148
331908609
1695136438
4133037152
2414814890
2874205731
3643254596
384318790
1301787661
975363569
3207415880
3950738339
2256706857
3835481695
1415203724
2454972192
2700122202
2737704904
2472528240
1775440571
4077949906
2648991951
4015527235
453775296
4271996004
1115417854
3894305103
1898260511
1484277262
1973520861
1077176338
3506387768
3760489364
376743991
3712664383
2139766925
110443595
482031432
1633733173
1574190760
2339262573
2736779095
82978861
2283734240
528429255
948802750
3807993796
2706111657
3396408833
4257544239
1084837995
1545815610
2953370681
3472512883
2031305073
340797005
2121417193
3852342894
3023403089
3268979436
4080931445
3116380152
412193810
860686466
1286850978
1955475297
4025939924
413343637
1279100773
3033472570
1267495302
4039330779
299679027
4216316293
3609953301
4127596519
2571856026
666162921
1489009805
3989989660
1430252970
1965991146
2476169565
190447639
1494105769
2792045900
1378676727
2884720897
3843754869
377323702
4080640849
4091616161
3948365188
2607026687
2941109235
1647403203
2682063788
2411157812
2585428053
3571472892
2720074094
3293722755
1703111760
3064207554
3353016159
2969855703
1267865230
3486178956
1504782793
1381011536
2485129895
2000893655
253276299
3827663696
2055850924
4293078604
851920811
3246526673
784469180
1262121149
21921883
1611617696
4229004671
2776489829
659462140
2803733187
2078413925
2245120909
1156494111
2540398404
3835999911
545823500
1172422883
1200262267
65732574
3905239616
2727936693
3375271516
1838736343
1003056857
2951965163
2850366989
505374117
29647409
805911068
3149562312
532182583
2537517886
1796357474
4267523325
395380370
2355775018
1722388290
2938027882
863897458
4104185073
387916960
2982502383
2886421034
4136056466
336687184
257878934
3134580440
3635692475
3262584256
4214012802
1394400443
858118182
3842118202
1595794130
4128210660
2888046322
3707674407
123519979
3435325252
1740638591
3569235574
236901773
45683074
3246367715
2838806074
1908959494
2879548816
1089472765
1394154709
1492834151
2231458901
2676690782
1470537071
1608698581
2901118524
4283556078
1406268968
3385978869
1327297377
2814452899
3681025149
1634353863
3253983455
3485328987
1717723227
3368010220
3215248608
2948800262
2642804262
972185118
3546566619
1393893761
1927623540
1800443965
3132272533
2646385879
2554516583
3155584286
3395280112
1692046637
3458506874
2547743888
485349600
3321528498
747335124
3559927530
255954343
915012025
1404942436
1177782831
4160830285
73067460
432262883
999097946
4108637402
1543925874
1621561302
3796976553
670912907
753004422
1872458666
587495745
3877425454
2353356069
2315893998
607661621
3056077005
1864244949
1603160584
4236066705
1989047021
524614747
1575683063
2053208629
2894769121
3061257184
2627103124
2232576900
455044632
493020168
3134830215
391636754
3581428719
3947840951
2096259521
1597545075
2470249698
3534373266
976685840
2995174550
1651529054
3957752906
119366415
501774386
1410255292
27448950
2196443583
3290458078
2391064881
2959230130
3675241927
152000197
2387328931
3828542546
248534247
1465448658
715791932
3067891287
994912464
443032612
811861658
1217951546
260217457
1783850857
3062622142
641974624
1843629718
2199455279
3947820245
933796149
3498116813
3750131943
3780117895
167958368
2923547663
3729966117
484591285
2243523115
1040206453
4230773966
4115726672
3520184910
907523995
464961381
2024210881
1325928690
927597147
2232231953
4194605859
707079387
2480047259
3558069100
333795739
2934676152
135144841
2103284915
2401361602
4188562864
3537197885
3681515534
4242280687
4230520420
114409464
1121944335
4224076562
3558683681
3823604842
2135709593
817475273
159762837
410687280
2127014076
848619204
3621317909
4106854513
1110978410
4201588811
1493370312
2203273217
269213355
4095120817
688986480
4049169610
4267956279
2999841912
2389349347
3252224257
2323837796
593277367
3120516652
3402376827
2609716396
2782842508
1938161262
1957501755
1875713406
1545970145
4288968496
261486778
3542176200
1956513525
818244634
4182227527
92165857
3800278711
3562151355
757067168
416081802
2525166672
1035258843
200504172
3159332110
3952899267
800913478
3484213401
4111350715
496487883
1144748296
3289958380
3682113481
4019457802
2454782586
3824382278
4045239983
1722147757
693125088
1354965733
1400081311
396683133
1030892161
2022177153
1105228616
3410197293
3796190320
3603771773
3409749218
3462288278
1932024568
2607101581
3071666720
4047275897
4276983941
620164924
4044167012
2258861487
1870573258
3491767455
2529346664
1023439822
1086259109
3410779812
3785271499
2817280846
3198833256
3925522740
2767196175
1060351946
1196824437
2368769327
2341619973
2852678188
2938516951
4082271887
868942404
1637529829
3228911934
864007212
2739629270
1634887644
872081979
1614338533
2059189241
1261160795
330989991
3032557783
4120381522
2200095335
1768291538
1133945276
701267802
3701994070
2042608039
2526672414
1799777256
231252468
1084476245
2396325341
3194053915
1324214522
3384479830
1455325721
1601096400
2323914823
4046748843
322950387
3070209659
3112895156
883729132
2432768278
3346725557
271377392
1957213917
3976547479
957327666
961770220
2286854586
3390665301
1672085067
119317891
623000710
1880751872
1426138918
4204107505
3988230753
2663362098
3292603305
314512789
3694862470
3375590866
4174460833
927492969
915445663
2129853796
3691522875
2409070646
408281800
2746146206
3427109066
753714705
3069262429
1972161107
678488482
3585281403
1086467584
1585191482
2931211295
2377997815
3419769833
1450521405
270745837
648665044
2782029365
370132917
1653067457
2181781703
4034401751
2960179170
1034441845
3640761831
884753861
1920763062
2721719580
1721531496
3714567190
72820437
1543021269
914322664
617088562
1920358424
3591433769
3449681821
2389458757
1874025037
58280493
3981073650
3787637249
3442949182
3386130505
3791054569
2082729531
806169598
2356104779
1933693621
3224319000
2712498035
380980358
3097148790
4096952224
1449931859
1549386900
2534780614
3538795268
2003368230
1975663731
200559638
983455390
2396385779
1008063079
2873153532
1173669038
3264342158
1794522683
3048016824
387097925
293890080
2022735784
164996810
2942637026
1594499977
2809835673
3362827537
3790088526
3606291730
2844376222
354876307
3088488135
343406622
2072676617
990236604
3965076822
2957458241
1446105633
2454408931
3600133620
3149329588
1663315152
4209670999
1159004223
1516353589
2338800430
2116331447
2234982486
120129811
2538452052
2070459817
4175094419
1744799229
1949763467
296234296
74139676
3577922438
3607133301
605032939
452864984
3585207220
296555470
2211574632
2019993962
2321490670
3018433994
1419287574
3461483864
118740944
3833845310
3487593500
2804721791
3343367663
2274874155
785227539
4118431629
655577994
2507393302
4117146830
2961853799
2180695181
2738166866
2408098294
3295271717
953673205
4048358429
1317096307
1822877967
1204550756
1055593268
3270804152
2668543011
1798774173
2245159235
551383799
128087204
2004816196
1090491068
2530876537
4004429766
3524948822
1283248258
2025612290
2805760762
630982361
426735332
360062174
85231520
1115148190
1211177703
2122946217
428298563
3813643304
1398623670
3407683539
3302508202
2905919207
3365327312
3245547272
3310251735
4023909954
2632124622
4197947878
4234865194
874576607
1281060102
2187079533
4218237433
3225819234
1804978750
2659967709
1461511897
2277816254
1550620493
3849484941
1768835191
3776298771
2261139949
966242548
16572772
3812361608
686427861
918124091
4041183324
1656661344
1151457109
4119776237
2007302418
225478969
4081945368
4040001315
964682172
1636641484
4202448095
2209267040
1438674692
1851721421
3842230487
1888261945
1719737182
2094465631
4081819784
1624033664
3800755167
797702237
485522868
405105516
1674231194
2642512434
4026652877
1147221863
2314542451
3353318070
1107569020
947155914
1363732523
3597446904
1342393283
1057908473
125928241
884460179
4046304968
926271495
3900363028
1774106842
3656317172
3244276059
1386129247
877894253
666136000
3402604688
4178647871
3037862595
1372624925
3644807172
2385320978
1370172262
171364815
758433630
2328186946
3250943862
1098263605
3111828996
1524898781
139998428
4283372200
3107649493
4271156219
3670199120
3441510961
2410355871
3073893395
1212697968
3398750232
2101412761
3263170629
1823313437
3271844339
2293523492
288209649
598999322
549155819
3901182919
3845233274
3298477900
631144083
2068508328
4142720044
2551489652
1417341666
1914245394
3884169010
1705559700
3029367324
80946522
3854302127
1959558950
3085447047
3527901517
3659323643
3633461001
14484879
1583950608
3095665057
2439287286
494610866
2830762157
1109564199
2443289161
3254466742
2125386791
1943712969
2303127957
2955001407
4261657024
623561192
1452096008
56974448
839411854
1814251182
2826819185
1566054333
2826760322
1362600367
4032252235
974003022
4258249474
1399615051
3807713352
3312299900
2422705213
2707546934
1050852544
673707133
3706295612
2110575556
1153379880
3945798949
1794367801
642813069
1446323973
4002147937
942085532
3514936983
1452274999
2037760575
199395428
1696094973
2132012441
70365073
4075110504
302432862
3017681338
2464306205
201835864
1238859930
1833366914
280189042
991967480
454664129
1738612245
2682587252
4129189554
153879479
101751229
2502859630
171796558
1240593731
259090203
1678685624
3977594330
3823645619
2167557463
1184982346
3455474539
2306677238
2673557199
2568299898
2419810353
1895197442
3320313031
752273544
1335874737
1120870231
119548255
2500373159
2028330077
2897792898
3023785812
3468163822
2840283499
878664934
99688348
2582867806
3006258457
4129103061
2266119247
1282338550
1326822406
2441788808
1940942951
3272277895
3555501525
33212394
3952216006
2053332435
1367817593
2220958497
3166875732
1223833215
1196922748
253337660
2797418523
3541798378
1783200575
967499739
3145676198
2824499048
793784662
3061312025
1738393403
3447605151
2726446499
2386164657
1113147208
3231740987
2931458821
2714412788
1856709530
719418540
2911826054
3999685527
54469900
2162942963
2208117037
3595570310
2817070341
3281120631
4259745589
2632226208
536071926
1449181754
115260538
951939123
237572812
4124246689
1724061413
2413969704
644670819
1164402664
4220112715
66649735
716262624
1573686754
2789392736
546235125
609675448
4172085068
2611191375
1506794693
1068883236
2722198079
3293216803
1376528876
2083072370
3095080040
1362350064
3663786923
3223652512
1458726611
1929903868
3170190254
3692387414
4157801344
3721481631
2338744105
2538108250
1188711206
1440524534
1884946383
336212909
1381447598
2124108942
1814712110
2618397364
3686221206
2875417766
400286683
829816936
3756973819
3965842150
3822158704
1161319275
1023814271
3961375525
242424583
2558432205
1747919310
772556468
1628863811
3322511320
3824016966
3004949668
2550085569
3360961640
2351518526
1532906760
1427215580
1966838795
741743490
3071481383
2504770042
3620471896
267655500
2452545675
188901906
3701416206
1457391835
42669282
485819403
1335847384
529651921
1551754314
3932581301
692380185
2672254682
491620837
3343492675
286536886
3184136271
853381568
720151040
1758964141
994839835
1019212634
2281372860
3978779049
2230217652
1884890830
1679459419
106052466
589133625
70936476
3012735144
441838883
514814951
1138975431
39695514
2915799339
2249342539
1857807642
370277075
3940274984
3914674663
1533432707
512240348
4253066667
2223806144
2868180630
1741976623
3034998610
783630584
3279139338
892728870
1015647707
4186641508
2252574681
2547480716
1986490531
3604345534
1028278883
3309792609
3724055694
3857703782
3623843676
644496254
3918717618
1197598592
2751289675
2928809692
182023480
4036724414
355299337
3822639199
1181882968
184393041
1231334802
3695823178
553874713
2654420622
3120322862
315083805
3389642875
2189965984
1393517314
2760643481
3930862505
2429944323
212964729
556766786
1919660916
760909562
2148652823
108658073
1844684961
486662292
3799293128
1388302195
3709746374
3856519452
1967902660
2857376033
1420615807
3229463918
2995262675
491508129
3077775247
1843673954
1873343541
2273611522
858965341
919988228
402285667
3277158809
3556088133
1720089215
816884555
3083766583
407701724
1839947920
2563539066
2205112469
3564721161
1702933841
1623795820
1714377820
194424715
2958787754
2195621300
1833381245
2054077416
222812983
1112396346
879385073
3057818366
2796062820
3937559718
60777835
265735175
3543563832
265116005
2662046959
677100853
977021766
3218400727
2579900990
3329361863
3235029643
3176289199
1403289655
536914304
379746117
563570777
3228757763
2970977027
3162606430
2105731705
2380667960
2749632132
1354998345
241406754
1531506436
1796840618
684089012
3325740911
1747520907
1427094181
2708096752
2040176911
1083349206
2070243040
3932084572
3151148962
2157716998
12322077
1833614941
994422833
3065749379
4230868197
800202652
2621280383
3499117858
977435815
1270609639
3600937159
916527339
1310000018
2325542668
2580324736
2477817443
3411099491
376174808
2556900329
193483786
1831650644
2750193580
102926277
13158705
110021298
2450494500
1447874916
917592523
1761167986
3762175388
3707944332
2939186417
1508109389
860982685
1772583749
2650828612
4110922473
405383705
3977239472
2617494462
2873031183
2422196191
1775283023
557488130
2905929090
1039221704
3442413681
3983636548
408496744
788769839
4209498163
3592843853
14072953
1679210374
3031248000
765490216
3218377111
2731682890
2289692902
1044497109
690607540
1986954517
1395798147
271368776
2973989885
3951563878
828612699
2121275870
3916309526
3230983265
425027927
659616440
3327595270
1721984655
3349655803
1527958706
889710636
3646820960
1470716931
1167181940
152164164
2284686736
1993772414
271347268
1902985035
278073174
3627604689
4209021708
3149275183
966788117
2000722989
1943302404
2141969591
3496514183
575773797
1350729523
3028103781
2967479365
2616829375
3267242181
2822269994
161597973
1517634461
2505508193
3294632603
1797968925
750168692
1103612032
1030122659
460655825
2865534171
2148435844
4025417033
240926821
3624809725
3753204481
3828993961
80314683
1324464851
356231114
309906932
3263250216
1250221064
815027584
2569021400
2179660556
2855011635
202962290
4150484635
3344155689
3383947323
4237834392
3556486431
2339304811
3732277870
2515425705
3185689885
2916438773
2224955376
2139191737
3017655359
2253232645
4063074622
3361752984
2830148791
2357746623
3629288935
250026335
4268787236
2754876624
2127719257
867276794
1492767605
1069614634
1202651748
3696040042
2653495280
356510074
3454635071
2966603858
2393364767
2483895180
4126364200
3441577670
2618297016
703308821
3113203922
3301231593
1604294431
131926127
2290047708
135965993
3306282569
4102680640
2440219431
4221747143
3706499426
4195328905
3152262663
1335354781
605598066
261349835
4152901323
355793956
3060503419
1363235711
2468774039
3621205351
2447657896
2552601042
550786701
4021726748
3682326294
815321429
1543807617
1452452168
1088359647
1059096355
4115612140
3352413676
2985015537
3230975290
2161503065
3847533360
1682199752
1698923560
861244517
3614001445
3893845639
1539309843
2041753666
1754418024
966050818
3202949412
2444496320
942280573
3188727576
2901871569
3119106598
3257733919
773545159
724728022
2590978674
248518712
3886238096
2099001317
2310868293
4279603910
157774049
3077992695
1520719725
2730420542
3336979029
3003303246
1759351313
3441513781
1331350433
2669628742
1980741559
4217016926
751185990
1075182714
2387990419
355847844
1660591811
2840067945
583894789
424928850
3073702839
2667488564
424502214
2041367960
4143299720
2716680108
1584651875
3225577984
3032387240
1528278799
1019383646
1252396843
2919917367
2928550529
2111053961
2540605461
1032845526
2354855324
3507229948
636912078
1510852305
2067821305
3690011271
3552963466
30047157
3349485337
3317701107
3537757834
700180021
1879918091
4131019910
258200473
3213572928
1652950217
548958876
3817447043
370341835
4052245405
733588150
1033030077
2431564786
2121699834
401782032
3593802182
2229267432
3545471730
2832017807
2366856864
2928513281
1321298858
1336362438
1286270727
2222098621
4088540269
522614024
2956568895
1501185083
705835780
201606222
609200889
460531347
3082080992
626901941
188380051
3376180869
2954162513
2440322173
941243713
736115091
302505962
3781821428
3919410789
1275153482
1013657024
2814994778
1377161021
2045828602
2451933875
1668583080
1677327223
1376798872
3780948107
3360895953
4046812663
3288929220
2826621543
2609199673
1989338386
3469811214
4161143624
1981386356
1624980808
1417297934
2031012067
734355671
2258981974
272127330
858497120
35589983
4122141364
4062712291
355521976
987442983
1104945524
4166755775
1487803724
3025797114
1842699395
3258740484
4026470688
2452267510
1866094657
3094475724
854943503
3265105322
665337312
2706801237
899070574
371773529
1939452287
1579816470
1961777525
3374162697
449268235
3455201036
3681787907
3699471823
1843601791
506807568
3893875335
3411550597
872050096
1622217383
558044281
1637046362
3044330500
3464041729
2072544772
2777663597
1946712193
3792211221
589813513
1919940384
1414630030
1090778919
1102519277
3494153762
3383909963
2280142097
2734313639
3433922966
1356530207
4124202113
267114585
1912076837
1677466010
1114162274
3053270366
113506705
3820995014
2234221330
2888900914
2503503534
3995550721
2033179486
3920903046
1808286872
1332245583
1450800708
2788714934
471458322
1251992056
628042101
2840373006
2988356473
1314680046
2661859189
3894541320
2241662761
2203077196
2245648617
4097161815
19981218
1817086929
2534270884
506165163
2427899999
3354688278
3790288498
3707490891
2713717311
4233204631
4019527212
1867783040
428299968
2183605867
922654793
1807320733
1697008472
2134244718
801665135
244516661
502646437
2629489162
4240447114
320489964
365525465
2670666606
2744787578
2472673084
2736713732
2095512586
266692781
2714119357
1713162277
1590340577
1105818615
3228149180
1148053330
925381124
1559780566
3520308800
2400039095
3120895280
1524216426
3962927041
4082950896
4170757221
3413284048
2647146178
3776368728
2327335457
285528553
2853511674
767548176
1061478724
1155072986
2466131982
3619279658
2429441187
771459378
117894247
1761682917
1253220639
571943454
2835130852
1986136925
3222825144
2319863177
829862842
1842762538
720157120
3942173860
1789183681
3106240769
754137691
4187235751
3677775336
362402450
1768355046
763663436
1553015630
2277254550
452647177
977761385
2938763082
3894336684
3924360280
3865415067
1059678972
2573571559
2094141356
1971866120
1392770397
3748718437
3734514863
444276154
2354543135
2763537967
2759674450
3732654942
3771991324
3494816061
83324717
277603690
3292241377
729258218
2635812628
2559382268
2444215722
504863132
1782922597
119600970
3615950785
1221733369
2248887054
3289758157
1131236383
725999165
784057389
2976913210
2410262409
3615977354
547087370
153555595
4213606596
2333598652
494794410
2381487981
3780103920
1512752584
1150928417
882089612
2538772939
2049119128
1890213381
3611269536
4071051361
2091735095
1396692856
4013763602
3046843428
1119996136
2454298805
3436570055
1537819092
1422781577
1855974576
4179477156
2152477635
1365860870
848345460
1459020649
3220750671
2458879145
1449893231
828756648
3476966527
3200477872
4190317968
693013650
763620335
3444485051
2340633521
1588126213
2344131244
1547065402
3905360960
3923636207
3309470371
299885163
461242150
1368629901
3571436230
329966059
2622174949
4080671731
1990903164
4177847718
3848150434
1519840752
1702804924
1426597945
919925020
47015454
67273534
4097086222
945559027
2514956325
1813043019
2848902416
153133114
3168784603
809676552
2994454176
552751822
732840373
729975396
984104348
2669284109
2528569398
2664253011
1248902067
3582784832
4112458347
1818602758
740875531
1508625568
2334591714
2282595219
1595117954
3118473334
58437396
206023555
4279475820
2004890869
1086029437
3961944370
3540391574
378414149
2139243310
4243720752
869938485
2639451108
3923425919
3079108553
2605897691
471384970
1352999831
1266288806
1785569083
3725875766
2604770360
635769266
87724154
124486395
1649703940
2925280645
2775440638
1220779031
3725879747
2447157707
1830036834
1822229870
267982266
3298144497
2198881740
3154647993
3670388968
1942164797
3353837108
249410805
1334206772
217164523
3551752930
3679039025
3608303278
1908486685
1359442394
1483360913
255406400
3720922456
3341110130
1381669940
3206201666
2761238637
1085999958
2392860800
2672386997
3476694195
4142703608
1214572666
1598514374
3391997265
1441915646
1036649470
2584705399
1848278651
1441620243
2854354913
4044176204
3143845953
1371280489
3253736817
103886147
2072195283
2568109164
1427953324
2561165515
2293899002
2637546935
3244802559
2516863597
2175698766
269655366
2386781850
2843823353
2641055948
3277704191
2779417201
2825998742
4150106938
2458314238
332091981
3280463810
399873333
3534276630
2377642905
3771945255
265416251
4060834883
1174575595
4201972313
58891893
1131672565
119769599
1783863398
94505099
2117910476
4055095943
2047461156
2974844721
3433647641
1158335239
1727279680
605265831
332651695
3691798387
1357328072
1503381873
3866200108
2009589122
376217853
21515655
189282469
3976077005
1112120401
3691263618
3026014243
1000435374
2775316285
3342666043
4145297139
2947303094
3670537362
4278328659
2828253413
1919202714
3231750511
12161602
1194640212
2028100366
789997202
642233155
1031422033
74345937
11906368
2202800443
3370367608
111471071
2915282129
1935726288
4183416924
1559990884
2866836469
2892021925
3150566162
4120820860
3358740534
2415993452
4143859078
2056765243
2110984966
3355122171
3688900307
2493599160
3875219440
1898632843
1293984364
3460366964
4028176608
2582757849
1047798689
2409733809
2364867305
2266542803
832309567
863177465
2292830428
2797821649
3025228595
3487737194
4042591619
4218339955
1015286293
175622345
603091209
4270220555
1232290462
3632788068
2630896249
2333879198
1669376680
1950776740
3451219395
3047259473
3934676978
3694629035
14865245
409383869
3196812089
4201623601
1421885048
1466599870
2665487839
2163555272
542505431
3570308397
2531540548
3633475060
381590118
3782254654
1930096753
3048862572
2447622889
2152503182
3956880053
23891254
797409094
2860338723
1552845879
3787629550
2546463655
1663026069
339967175
353146970
3110102071
1776268027
1660911180
1840499416
3301960308
4072530453
2303668108
1096616377
1594802484
403310230
1124336670
902167653
972435475
2687805681
2095432321
2353312539
3990801722
541947362
2410776865
4269864525
3261117368
2301038686
2977065608
1813196662
3869322982
3084493149
3579772655
2418981939
593614295
1650233990
3034113317
4010412455
430305764
1184774913
30857826
1338165081
387906654
2207593833
4111585695
2842680218
899532759
2597681313
3250501908
771351557
1463865912
121865202
3390889288
3068612983
4003380848
2674336564
2310474058
1351210499
4018280281
896965432
3044041228
906368724
195803951
2369679273
1918255339
855266377
3763021679
3133643218
215188166
2105244731
3767972671
3509404903
3476919862
40369802
3470477441
3785245879
2728813927
418979796
1707708680
1427906897
129735113
3801183518
191543708
969651524
219657062
4268063508
1400606183
468806738
1264804514
515205122
2068166432
4271755423
4197457739
2919871324
2588276000
894104209
4234040401
3801298564
2572752270
3262794669
3812966325
1980163510
139263031
3949438549
2961761952
1458423657
2319538502
3988444988
2804237981
225988140
2261598707
4224331319
1366591366
1935012051
1000376120
4117404888
3960317353
3836634393
1246303437
1301069350
243599263
2551166898
3523420812
829148095
208145261
1263429507
1108919169
705430773
760998304
3664103167
3420754208
1845501918
1403746013
578696411
2452997088
2024995391
498284734
2552031832
433993061
371570184
941165265
3622327255
1136912034
2003563122
1993801944
436600586
3189100276
1713399438
1081364935
1070604645
80793109
1363995227
3491375821
2348585113
2019405855
2315391965
1984269283
2167732438
3875608072
831682302
3890848627
1491306633
1225012473
1100102042
2389377493
2204904283
3760626548
1915639511
1987626482
1105414774
1904756094
800332511
3671378673
566940432
434803053
1855387505
1458633628
3283895946
2471205698
96606969
3937870903
313384978
119062223
61190715
440818066
943763512
1909296565
3565255032
928845296
1601809030
457578873
3281413695
795215240
1792283398
720422715
1345690097
661697912
1956675039
1612600391
2082982904
3435556401
4022526554
964284829
1799317371
727022578
1124598019
1892785402
1945167991
1636182330
1651115177
801138029
3345535932
808971881
1301191215
1160460124
3793401751
1820226397
3124173904
3870300818
2811524035
3951521777
1352258297
1248388284
1276359343
3606816138
1248495255
841964369
911688601
2814774735
4137012796
561147997
2991955494
3136019908
363448248
2903282332
206893404
805886311
1823876868
2307681215
2350759234
1986228631
2575398872
2303170388
1746952089
971032299
1877733897
2623627163
3360223004
233955708
1082349083
369732386
2633734872
692314101
1973656359
3832484959
1111905694
2005286026
2840504464
830226576
508625735
1884128756
2312408310
2586094251
1936396399
234886296
2637855239
2422844865
3881048166
694828928
1369870481
2769856849
692561209
232286
40168703
836096212
1995145204
291227958
2740632331
299190295
2999695592
3103058987
1012630793
2057758047
727225774
2941568440
773739531
150991005
4081828567
3109574855
4044701970
1825553360
2055601238
3268257954
3831709004
2300589750
3541545504
1973341450
1600339046
3647757321
159073148
1739297305
2499334566
1322897350
1746123910
2296829225
3599643473
929016017
1165083869
792187441
880427580
985792429
2226406008
3028098010
3129013162
1432322312
2103638743
1825857221
447857397
1998609919
964716050
2939536352
999649877
3835879475
2914220299
1243693986
3356980544
1806946137
3276087412
2701987306
640161881
1402867215
3200975806
3634841824
133866630
2787820720
1249609190
2418901674
1071888449
1732505354
4240697855
2238219870
1005302994
2591095542
2033449857
862825288
1958171928
225367302
220911601
1019037604
1420292125
4266830761
151404031
3676287591
3819466116
823980982
2129747063
4063900672
1340179254
1344899516
3447659315
4162616434
1356299668
1178609139
662574410
615802318
1688201473
1221853708
1978916386
1270838448
2942072338
2213648063
412219955
1368405916
670687333
3955808780
3399880974
2108180463
588294330
380155709
645030038
3346407936
1890891970
3832111008
54697427
2177414480
4101652841
679522431
3517890356
1843609977
462652730
1046319714
4219095178
3834962249
4063520948
2288033972
2544113051
3302684320
1377001031
1173618305
3799472848
1835453599
1403207466
3843269649
898642407
2332512803
2394680850
933770211
1412523531
41063919
1921196096
535129535
244296962
1012993290
1088921112
4024891758
1263689426
1263860181
4229644522
860891731
3442353245
2638657773
3259555331
688821891
928390049
3376676343
3869674653
632766777
4009124647
3704571721
3992455164
2445443844
3094165991
1309489624
1058497761
3802018491
458686813
3644757272
246030940
3836263407
1286570955
3404639594
1920847333
2001749859
910070635
849764380
1087250215
1118030757
2475676532
3061268467
305240991
3699371403
2425111066
917354275
3595898817
3981758853
4055202951
552944188
1970549534
2350334226
2360333472
241457558
1860778390
4240666318
2845005225
3060891917
266507887
1976621333
3872640762
3141569895
2833731014
3112764747
1871815690
4182544413
1009336455
2966590335
3798391578
1567236775
2145772471
1826888966
1608454671
1937613733
2476143576
3517733390
2278496300
4030476191
3713348972
229173282
1831947203
3518148003
30423898
2268328754
3230962345
3632565100
77889790
2791577429
610008298
3005340646
3484214756
2914352229
2774069590
2980429884
1424346264
3243832639
552500603
3467238530
1346576985
403836189
4142229115
4198325579
122882011
754195773
3987038380
1427612028
380662365
2723098413
1648540760
3392345017
2056976123
943992695
1029020384
1659691422
670932025
1279074209
3971112857
3639674930
3651437121
1960849328
2379177266
3245583037
548864764
930212703
3201772351
3674706320
1352053401
852523087
3463280437
2527799654
340409822
2715377322
2058678600
3311340885
3564405793
3054966844
2337409576
2088919339
1449924295
3572130280
2849263958
3503790889
3351987999
170733592
3019549172
1638786012
2772804157
1053784594
1574165848
2401661310
2457515737
283906217
215887431
592862377
1609549660
1232215826
1481340326
48944901
1147960696
3123877960
2042665377
2056598725
4123426748
1956862092
4259088758
866559278
3750534916
3244067639
4270353463
1934185226
1528129298
2451628725
1876806139
3967861788
1268448421
2300093053
1540251111
3905209654
2183546976
3520438020
2203790649
3679694687
3826150618
1574899255
2599277241
736296181
2552276126
3647702504
4183232814
1985325059
3829401988
3956447222
2552061846
212108712
2266550730
788798388
2769411916
1634370232
147518721
1382296225
1674246805
3672195821
2198064667
2405383698
3852336379
831859194
549615746
4235518195
623901850
782938812
2528090655
1875289698
3032323307
1965990861
3529115049
1488959747
1991051262
4239558889
3178949441
1469651915
313539137
3121819530
3447678900
3027448208
2535141332
1685619761
2276677327
1747561168
2939317648
63511596
2042561170
3970459016
2240167132
1235743883
585026711
969599555
2025824954
1456404371
3306577316
1765208035
1946325971
1770265615
1082740795
2223988437
1331153432
3530229527
4255558938
3041966939
4219048497
2665385568
2559499097
2816641541
3952117055
815567416
3227353229
2699760481
1672291902
1112311352
976118155
1103347231
3366427164
768452576
798005259
3209370428
3112663721
248205970
302761083
945415513
3401438127
3761700272
3606968320
1862873988
413483250
1420178276
3164867244
850869813
2505252093
2262857489
3268807241
114551244
949512086
3932367119
3404612850
83942908
1556875227
1373522194
1491731999
3136527853
4007270077
3752681108
3451657556
502313722
2180831574
3769652893
2555920864
3282423009
2571433599
717962401
3636083762
987601748
110730052
3254948338
842012540
1858300913
1758361687
2212694431
2416723955
3621653421
2563505886
1217122531
3281162955
2884347735
2155411824
217634992
3388268893
3526837601
3272984592
776506438
2812807408
703064182
4004221502
2765565309
1266731691
4250074612
2444491943
3114885658
1660118732
3174480100
72657589
4069182766
3392279652
1036543222
4098060028
2326700682
1513531356
582454151
154447079
2266057985
314879953
1743184823
1159202001
458828017
2747791701
2305067294
2627327443
259556108
1300885775
1904899468
2298278220
1695227057
919975049
1660788661
3760747570
1174397996
2137842528
2055193521
3535974359
2998341175
3193136040
1125955007
2033713395
2361129822
3870184867
4253990101
1725707217
1118437630
2336205956
1279268663
447177561
1875114215
3978944221
3992520403
3212105370
1511923759
2104855832
3388793246
953717125
4253380158
315488820
484459319
3082475893
1123840145
3879980329
39093830
2011545456
1716443511
2323523740
3445026973
2446090545
1322869834
2393589829
3357067117
334287404
3552856877
3656967071
516626851
3555512558
408390110
4255041182
1171061727
4194196299
3482880689
414138227
285681712
2721283672
2612839594
2203793722
2431378289
2900972688
822743426
4261151036
2347265286
1272334051
570795948
1298219907
3436767861
1923401663
503113463
1312555436
2233830146
1884244929
1589427971
2587215647
2100184719
1273639228
1454773518
2679843800
4271398971
2504243511
1962423050
621249039
891743005
3312463970
2910115777
2724309865
2552832513
3942477089
4089345524
2115241420
1836857998
1952560077
3873334222
1372828028
1746773588
218857041
1780769562
1983240873
1044984239
4228665211
829970453
2939022113
3541661616
4241122470
4235361899
2244526150
2768736639
2326559995
2899060315
1404236172
1470787295
1107924713
586507428
680022674
2095615144
3801218765
235156980
2065699894
1664345125
1998810493
1228305914
3913818
1320519975
837255880
2622894478
3063778319
1152056869
213073864
270970610
302333092
3515482275
311481655
3057828846
2224130642
66893690
1963320711
4043241482
698684548
4020640872
3116156826
2899433320
935059216
3216772809
1876751463
380898483
3135863620
4070823500
3249423380
582545559
4036826138
1965508654
984658910
2382383299
2835400969
1606559058
4210000467
3457925649
200013690
1150260264
2745960061
3704423193
3833202452
1859047785
2402286225
624112767
3592136574
2954902619
690040647
1489266246
933907028
1404750671
1944623242
2457643481
427605021
3078324793
3537343320
3881131224
1318067081
1297160213
596309755
3885881691
3666983178
356090212
1285907638
1022324718
1117058669
1808416750
1144131227
2423657578
693931959
888639977
3635416503
2867461681
3312707370
1493285582
3337514235
1255174023
462606751
4014802241
900297551
21365743
2922251903
3015030483
750230605
672216737
1599819666
461079184
1887971941
2305675687
948572947
1833691928
13353555
1961502001
3937265647
175491754
547493153
2234135984
259694286
3127658835
500241994
692758721
