5000
1591364358
3740230644
567213488
2910767174
3567410634
3384923172
1451120584
3936018066
3716412114
430827317
2455194285
2448613105
1646732238
3113993415
2120423955
3909284480
2629094190
2026988591
3108348184
393453665
3516305308
384869731
3648570716
1365908483
1534828958
1669781776
256219770
77780458
2764711963
407259456
2391313551
2715934033
279503803
588805138
4001938179
1483165867
3183301504
1190033728
3667062407
2329458781
2285859018
268377086
3574967805
1098515836
1094196870
3436879169
1653866144
2671863131
2089063236
128438754
557761669
749970149
3868904333
2561332509
1631605789
1006566045
1881168462
2887148308
4261364245
921192828
3798969927
2881847833
3917249309
470052642
323076949
534805458
1317600897
2519669511
4095014638
69204485
2717755179
4101669766
2210733331
2652387014
2410747019
2989427467
4093855595
3199373213
1190634509
2373396436
1033337454
2538195410
810866662
2848078018
2392135930
3736286947
3159289886
1110335569
3305575380
2797062187
3256668009
2884419164
1176266254
3744502767
2972898626
617483536
3311426898
1999310495
877023078
487494025
2026610538
1861244024
3423060889
1214819993
1490363199
4065910885
3518956320
3952839775
2731972519
1279144905
2543344106
3976415565
4063884753
3367162085
3519655620
272634571
3959537555
3345778165
2478786888
633285244
2253668887
165060068
814854441
4000110945
3342022084
337483389
1362957907
3615364805
1312130592
1025912490
964548432
3627615543
2876499737
2090333066
3821369125
1361492237
3943967869
69276284
2171907463
4206167912
1732443987
259829647
1007168335
2299729540
244815088
1992910067
1400831466
4200114231
3306192735
553364008
1374395031
2280451932
1580307956
1245373776
4174772125
455263085
2047363010
2965471199
3584110131
631500135
243962254
450931546
3004925892
172820524
1163792719
3266620265
1481074375
2964807135
1359287259
1005585107
173123177
821229766
3923058657
1401247149
2707104484
2819675542
508763713
2847426634
3076083543
3271164601
3233764924
1507699965
3806040998
731218175
1410332653
3012362633
425132052
3415904354
2841383215
2196749855
885504301
2301462699
3079254525
4285812837
1296323074
86641373
1780450003
3083654293
2168036597
4046802685
2999539921
239510480
3699078272
1877047237
3637977122
316674044
2899162863
3213588092
1379790930
4003259357
2791260894
2757959864
3690974973
709934081
1634479200
3848830821
1580655401
3940021177
49563968
2991223830
981550088
1504831982
2368034547
1312673200
2071348849
2256338578
4146725023
225494446
1895923731
3730172249
1824510759
787229055
1297402419
1867698569
2764994484
301381599
936280006
4195211808
4091185969
145267248
1293053683
298404126
1448957691
2537581372
798475293
3063517231
33275270
974184708
3308100181
1694289947
1921305268
1243740666
3421198734
2658293142
3333123391
3258225178
3500052552
1181527444
1392191518
606593748
3303931410
2000690772
3562535962
3377247965
1019713279
2155802021
1723997650
1787526522
2160746885
2717999940
3266951715
1209163609
1993061903
1661424824
4259130010
89109930
1384693821
136107700
4010833598
2742429206
541276154
2208113163
2160457080
3985463003
1108829731
3213777367
2868384939
2652629994
909387719
1950997121
2285257714
173353218
328905148
2684337023
242143827
4069404702
3397484661
3759847374
3146267635
1524400259
678372935
647909958
829399183
3371542053
3780941018
1943401262
2457537776
2197144632
4088661911
1231377593
3325085511
4229703796
1655682677
2469280695
875414100
2426738218
742272824
2385434855
4061685259
3992471278
1834193780
4015547562
2125802129
3114863711
2865980188
1067470250
4285234635
1856873991
3960603192
3063607737
2874183502
714938257
3668679786
2520411145
2497165464
2334872421
1329934818
1101241192
4096002099
4188872159
55225805
1120566324
1305478605
653498021
4003126684
4149118948
605469561
721813141
605595678
502484896
3622052302
1847048777
1749270069
1550049985
761945519
932569212
3741593543
387661940
1664560786
3775956005
3129958865
4058243679
2868890888
2278415731
2900791883
375327175
1231938855
1483551356
3779093035
3439013543
1258394536
16526692
2280830748
2775462039
1652672972
1975985904
3254393115
3190627469
2439490392
1505354808
1970150540
3050816169
606214737
1608540001
2934188944
705800196
1005145260
1928516339
4231328985
3718051266
4201770939
2491277558
3726692847
147977840
535102633
1279247121
994967131
2982850699
2519764435
3517150679
473609796
587213053
1671579746
430808860
2930943356
415400934
2271320283
235410683
410810254
3931752689
2821892041
796425849
1282232017
2376238323
2039749123
866298482
3998324081
1623100508
3865555829
2286502480
1548030035
3787589433
30811024
1170351977
1055085279
3928003852
2609086854
2643331266
3592411498
1619810316
567343238
430435161
3053992078
778885648
2903576568
302313952
4291771907
2284173195
1414238560
3776731097
1495999953
2559228196
1499218492
4005910208
162147495
176288306
2517902448
1569286650
2746777576
116941542
866400278
1504569139
2505790401
3659409136
3606909830
2516045236
1683626816
457553414
2885510864
2544141280
3735735814
3044720540
2367937944
1877103461
3387842569
28344498
572227809
942180514
372841382
967748625
2084189571
2258481152
2387808653
3320393892
2415308281
1218792145
776395427
1596330586
767648251
874009354
4264216214
1303004320
69928356
1553794598
2032224843
4019087567
3585734882
2504223303
2093915517
3448882130
3589565871
810626518
1502036659
3894860753
2145807115
1777003966
2118531244
1304098389
3964420085
1078172690
1476624891
3798679831
942236387
2498981101
1939684119
1178246420
1575308064
2853563790
2295797695
869753306
1843572176
1620861845
2080617719
3078326116
2144654037
41919196
2332232166
2081483029
2415399912
2085208630
3212991895
474679818
1778345896
4127295976
671628286
3431379945
2563514840
2100807212
2749517293
991212844
3883242339
3581938338
2354883556
2906861104
659436123
616765425
1932048225
2808008200
3476925826
2533758474
1828405016
2738572225
232450350
2338277391
2280772752
2625217410
3540456387
1687139286
3513789757
4151608462
4011236096
3648239616
2652998772
3134663396
2591272254
2791868892
2834696700
2593344634
2278386401
3532351711
2631054098
1962454005
3579959612
1190041806
3642330294
3955730569
1984621546
409501598
2132438845
230561570
1276373358
1276092529
2438632236
1205365690
2105718229
2629462989
2593278960
3116808315
2387913046
4008616631
380962933
3086737003
3948351129
447732495
3911181319
4139866233
2908213351
3069815488
2487682092
724597105
608856912
4194458630
1329517239
2363840079
2994666088
2613368258
1200934190
3058019002
2276726503
1131562315
1161827394
610763241
2437026044
2752641614
4112831118
3918338530
2341334477
3169075369
3519258355
1222711081
3023462471
601984515
3488875796
435517037
3023138796
1864614045
557247650
825101137
1917190278
2281504957
1288531964
2419821591
1030605586
1058089053
2457084803
1234715985
1873825695
2978058715
3208789134
2170053687
1918761722
1579729482
3764459745
131859432
409103719
2411511325
3247565402
3430721942
2524120155
2589797788
1125907417
1653833327
2869020301
2407750128
2450792464
1546940841
2197136858
2143766106
4254416020
3812007741
3083637826
3709731572
840050081
888444045
542553440
911726320
3056035532
2258409797
544238325
1429369534
518913677
3518125057
2569701022
3060372552
1642067196
1775730267
1308552121
3817159710
3616478551
816622146
3464636957
1037262539
3844461655
3376506176
1171078662
1971506938
2363457917
4119907252
1027426799
3038407026
1586694043
2413356026
283836176
1610148806
1999279136
244116196
2280430371
3649878020
3000535265
3540374592
960952458
1714004868
31123680
180492413
3055289642
3442875997
3735211378
556537340
3735912581
1620619210
681288425
1125197848
4029232063
2967138824
1605952637
1270696285
3791995732
2554279804
1974824585
1161350767
2247748059
1141362952
3951766980
1475665414
3110336405
939062324
1458457237
151106268
871237608
3076870030
3283744917
671113737
3240782114
18376350
1031170509
4166792180
2838886606
1958643096
2249271984
1253065067
2025488611
2585270911
3376630368
883800893
2105709924
3450115980
3591780750
1053199499
1599055493
3696188013
4030402666
2758266467
1138987707
826373687
1551231620
3112411568
3711149973
1570498325
2049017517
2170870144
468005589
4212362414
1711133062
2676914182
2191579484
2412310853
1947438131
2452064660
3811562978
292912827
22466959
910020899
2435654241
1724257490
4040071620
1823961935
2074628616
4237455521
2211076692
878521308
183303738
859306604
1853267651
863630826
3072518574
860670094
188440763
518127328
4135295056
2695375423
2706442619
3639952626
2479325753
739928273
170300271
255133847
3502956752
2489737338
1807323335
3903806372
130980278
3178801066
3673382490
1224277553
332741516
1690672640
1483076594
635408269
3040970091
1943826983
2333434011
1115807324
622755175
496380081
653113149
2191473644
3269311871
3269730527
837346451
4200905141
1600417654
2294267347
263345470
3507406134
2726118033
1307892111
3543910886
1772891200
1945103167
1242161049
4051201051
3493586221
1458415257
414734356
2765540990
2557269342
102373894
4177434086
1344063573
380395424
422779977
1479483106
3106580543
1102565358
3019406071
4040059441
726893702
483687586
1377344674
334607374
3442337501
2356418627
1496454418
3193718316
4071924982
607065608
897904380
1514322496
2360430778
1634711544
2783793435
1669522711
1126583505
1959426060
2781787306
899361547
3267490294
4039767260
4278442833
839071779
2005067118
4225338083
856755442
2994229490
3901447965
1876629454
3040996708
3109445302
4282520278
905811591
4219556656
3883563021
2323212712
2416786023
1363030420
1073734836
491277422
1840372894
3812710888
540254103
808337205
2081341807
3108798673
2347512611
3708677987
3508995758
2009930182
3586827370
1557440588
3457440937
3692534898
3923275439
1442620851
3224820100
2097891411
40220851
3634432573
617748086
2171036307
255099228
202584717
2961484832
3990617929
43749584
385392209
2474113177
1761248470
2297329054
2307576948
538844206
3067739121
400907519
2120451231
2734882599
4140393438
1559346502
3808420663
49933953
4133378510
815736987
72690748
861118456
2347408569
521305648
2790167773
4161978121
1783739965
389478916
1235585432
1775736951
2452020476
2142992393
4029676745
2253205987
4126314047
356357188
2612493883
2793960296
3113911015
3369521025
433011831
2059615794
11892326
3018702789
3602053006
3803833379
2670931080
518379103
3951584074
3121869476
2371744345
3748648348
2985716305
3553218620
2065731629
4175351907
415360445
3545902477
1954337009
1941821702
1329722639
3990153068
2966987072
1373372027
3201789445
1336070
3307152060
411719131
3181931906
390448044
3053369394
593355202
323669797
1704767077
614370811
3501807449
1683397417
1869794435
1968228603
2997042331
3429922793
1299288334
2121444187
1763026178
2443352815
1930599103
4094577900
3854821523
3851712481
791772689
531210618
884436078
1751955701
4110477590
3005600872
212011774
4056855063
1184717968
3816690686
2240224388
1160130686
901561216
2313489039
3807828650
1293598137
3010011569
426124352
1613959543
2944040216
955369750
3877624254
3728455298
3772930928
2375775959
3637976235
677322628
341924604
161979085
2308065055
1532339831
1486071831
1589266744
770269524
3079716906
2212318746
2045209550
2541091446
1205477568
2688405912
659231994
2299637541
2876259739
4057655246
2513988181
3518923347
337897165
2205266173
1827633191
4029481331
3147412998
372922187
3762977571
2971112287
4207855091
2504042966
2855944369
1971121928
1029528872
472965357
2043488098
3561153011
886427649
3337887334
1086213974
906283401
2920397904
1331541136
2886818582
2593323508
3917037779
1214427795
967725970
3912187398
4230638677
1340453668
4110329838
4194472387
2781097864
3152485415
722818081
1589568856
389150612
2094051538
4264811438
78119254
2725654729
992625115
2425348895
4243269353
2471606574
2259836016
3488412860
3438195547
52417623
648853668
3155427580
3611631740
1681785201
2663592707
3957835580
2246828811
520761504
4058545663
794823331
2371474086
3858737461
4269560072
3906015718
3423527596
70892392
1215449713
464295605
2407478235
1652408164
3692265178
2318548266
3522862700
1684108718
4182802606
3046835234
2619154909
51666187
2201817786
3150374756
2844941085
2271532288
3792995852
1946726540
1839482194
1380637312
1670920827
1180466549
1940283970
2406254835
2840905873
2748715330
3204144519
4235605029
1129312799
2964367158
2641289505
946565040
1606992296
1469839450
3570283471
2027664722
2413960005
4009870103
86161839
783718896
4290339336
1441760213
1106124179
2439786081
944906919
811500389
1320678693
1609796194
924793798
3581609313
3643005772
3644513482
2919594609
3995843253
3465323275
30262075
3144262433
1386497105
1719198041
3480107845
1604383998
1532976114
1751040569
2342270187
4131611220
1002554205
574660865
1167154591
836946868
2164163957
1840944419
1032809720
2548696151
959530026
3908778486
2424821111
2028237937
1563016796
547716740
4273663339
1550807866
3700971722
2367446637
2027318114
3606688265
1577006499
283782496
919800339
2081211247
3034452532
509306128
3232650534
1959104541
2306539865
2606886936
980852225
817555061
741282581
3731174772
3607316692
3506445710
2885090176
1382382184
1413113310
881701823
3907891707
2574758332
517630250
3182861010
2184127829
932444629
3877403294
1304420746
3731665564
2931572678
4240395543
3028380303
2715561237
2452705430
4267914906
3629271319
3669464329
2742590282
3753716427
581396655
1717961198
3908550397
3849382657
2052225531
2211410779
4231355291
2822328688
621667040
2150670713
3323474441
843025460
3347619721
1236844078
1343032805
916456791
4123537358
1270662899
578160742
661977502
3440139179
420262236
1006201296
1568356907
4037341613
3135407910
4018770296
2603532608
2973975447
1853492803
4199661579
733391375
821573081
527964041
3572502530
4261073168
4142677916
3304690536
281073657
437454570
3697211310
1905190525
525988727
3357370312
1072595921
1259607724
4041155426
2460382615
3500844196
3264533098
708185835
4004159897
3140936269
2353070400
1036686333
560788322
2510954210
2408782737
519244376
1750862923
1842788184
2014146928
4018420812
660561881
2030251367
629446022
1434835329
1090574478
3590787437
3581087432
1984375614
211638207
288776296
4107333744
1990932470
315146168
3194507673
1635862021
1785081303
690566605
717584834
510405469
3030106816
3321721046
4274650518
4069589217
1738716043
2948463883
1485228504
1705883170
2715171269
964075116
606464234
961610874
3917515459
2658611189
2970532714
1281782014
473784570
1113943776
3647386853
966967316
2560884433
3455211032
3726403200
1692218576
2032769153
3112137274
529276821
102057605
1750426542
2857653884
590813364
4265051377
372605295
3482937220
3637303201
1042598640
2677757908
1571713311
1007335112
154992009
1769277034
1653026164
2517636951
1617202995
1600333858
835515236
2902420139
3770335608
1539558077
3967314378
3850595569
412307733
230173174
2971262169
2190153034
4128465690
2971888659
2363703806
1733925749
2082690574
231391381
748022863
1924676072
4076596602
2446475262
75090175
32679842
1708374435
1737639375
520079746
244355168
3144991267
874272337
140911611
3364815058
45158096
596351504
50762071
2394534912
2863553017
3091238326
2124228291
21050509
1558237671
2935590521
2463283946
1494781191
1059903578
2442304399
3266000128
4034209997
752025290
2886475766
3194312455
2524956501
4095188394
4200152771
3541936088
1572717463
3990269628
2286589180
1580373911
3403372862
4289794103
1562720367
589259300
1197064717
1898028345
435138031
1006734294
1616291224
3728237501
1139857961
1412491100
2437478568
656470684
2838064375
1802322991
2171134522
2541360419
1802962211
4038213224
2271415744
3868079359
2526974349
1013702066
3714671429
4021721499
3810190500
2350668824
630905867
1844861899
590858020
1678739515
2591376646
3804931641
3923626498
1144803266
3249954839
4239396718
2633423083
2865845970
933799596
3587173159
1178864921
708887926
4168756140
3892121981
2925179062
317573351
2069444406
3770767330
790204016
2940867544
908457207
279486462
3113437734
2093804378
4207270622
324618527
2465748060
98855720
2037982467
3534291167
928795317
2577811331
1165048146
1797118425
4126336635
4198370382
3519887291
3537929358
4209878543
1187322396
885657681
1262754374
3999205860
2247771486
3164717109
2369096680
651542765
3287496909
563748908
1959458472
1776283617
2654777397
4244218261
28784164
2109991903
428696146
4085677043
3903611731
270796059
2081548052
2795471192
1209876404
3480692451
3488394084
2472715767
362888047
3399923068
394334001
3068237182
4127760188
1334500475
1242908701
1586221838
3849361034
840479213
3554963128
1385326990
3876843429
2572171791
4081623924
3100658305
2853998029
3691718290
3969353604
389905794
3349402731
2673887593
3747569123
646031591
3927355382
1685623106
2968854981
3060069954
597573090
2824111807
2291439883
3418963076
3604818402
3584764467
3874275023
1344386263
1585250371
85719904
1736627102
1808680194
3339729871
844711172
3552750846
4014582970
656388134
1425248680
1025886468
1714864953
51878214
3604396770
2472308856
6319246
4045968352
755378728
3736647219
3644550315
2509102993
2384959987
928743853
3483777108
984667362
1486164753
2774901082
1912398665
3273539870
798883040
2951534309
991478361
892693812
2396640896
4075155765
3737215869
124761434
3373576056
2736327837
1297499943
3794349817
4257142543
4025048461
1372118086
716389135
700513248
2823082785
1908852455
793288372
1763315004
2385669394
4289505427
2944717792
2945157131
2160213325
1767755922
3852435658
620747244
3722643953
1065857369
2533134282
3152384340
2382518839
1027072851
3010718048
1586993188
2701824377
140224222
2138434584
2007558404
3159408376
1476627196
1361024480
798042024
2972610657
2048763891
3320231399
2943632616
3176983076
2922198849
1646268410
3462145222
1101835433
1615179608
3592322496
83045737
3635038998
1802408264
745946628
1272609172
1458166689
2889990277
335457060
2458789182
2712532750
3653304115
3224271531
3997911601
3403014869
1701412217
3530884157
2566607417
132730798
2994893400
3713483031
3954954201
94204843
1588711082
3619804248
248700178
3317604173
845019902
3234697533
458456819
4120888810
3015687083
1928134287
317421232
216643445
197361985
3231054770
1254791645
3862353090
3143050171
3972381340
970109676
789699285
756059408
1409722783
3537895045
1841193125
14097910
1418743050
3599559263
935126404
3356934061
1299606993
1003137719
749583610
2846473825
3761917391
3194642368
1748481569
1799344872
729868665
268809517
2839921480
3763469032
1701337721
1553803579
1673744496
3404785927
1014111045
2671812781
3671455442
926991156
4195181791
1343909062
2841788830
3589232891
1616976694
592928032
2990236840
444572874
3215800870
2119241528
2977094961
1526694109
3746239358
1152758267
2411437859
2321360272
2860793473
717111727
365468147
2653859948
1535076273
3468470777
1605417932
3895867492
1024842493
1651338576
1638113093
4011802384
1015370360
2449245723
3799073036
2029475293
2120506158
1579467140
3540714329
3530562160
2722876899
4183845870
150850506
494175337
374365112
3810842932
2317118566
3777470680
3615787863
2067212037
2122020538
1791498091
3622226814
164921415
2038119049
353956631
2398791538
1663233525
2752745775
1191321607
1639242792
1048755649
4236653698
2941527416
3232400904
4180918022
1060816139
2882937618
1167142196
2850895986
1602146010
1056174398
1651616888
4245991852
31898175
1018954698
274200638
2452852980
1196302379
3027800778
1508130080
3033850233
2918235557
157860781
523908679
3915684089
1438930424
519986953
4038713050
2407760841
298147052
43758999
517620552
1534565702
1663453575
1048468219
1879160562
661842515
1859519214
4138741902
3841673836
1398696409
691501476
4265748403
4031789815
3595724193
41478437
1280915245
2461164428
18986470
3179209154
151058487
3395226870
1052730527
2130186398
2288226309
84257036
687764242
2321696979
3063002639
3087814480
3355790782
2022656803
1361867118
1051378608
329000759
1998572370
13346037
1946678167
675494318
2980479947
449424097
1509125527
2412627035
1054755649
1980749663
1682563142
660060005
3643395403
872868507
1634571467
2484542619
689786557
2805659976
2490971853
446374486
624066471
36048470
2144701748
4225083102
3278439334
2847130473
3504170952
2316760365
1655682530
1968959126
3082799326
3191459618
2125324949
3780751813
3474152723
2188798167
4012759040
985977627
1606368394
1564087752
2415372189
178208277
15987922
1543832722
572122523
2009413727
151763477
436706816
47016164
236050466
3535892457
542931184
2865984398
2422650461
1076434160
2731698557
3085636319
902719036
3953467072
959061456
2302841098
2435627182
4075933389
1267827934
3717761265
979565902
3674515494
2384531056
166148253
490365215
3857290572
2923511288
1967808169
1036018144
1170047572
3499589675
2852327514
890622332
2349724290
1528106198
3721293040
3190499269
145396305
2965045456
2054811378
2301164988
3851925403
3088667312
4200988813
1853531430
1065956654
3252085655
2247150657
2677950084
4106572397
25607327
1669112860
3640219806
3586149554
1563821256
3816107389
1797339443
2584605849
1876149910
2611028612
2546919901
2910833905
2114092812
667001097
397669480
2631007410
1516397411
3686115811
1106684626
175800259
3610952600
3820308602
179274211
3018516724
1086113978
4213150193
610767278
37100316
1098453227
445016027
2955599902
3885976843
2199116497
3289931569
132938548
1513440819
1532768001
264739628
1786808522
1914727753
2396657693
3253321576
209626152
293085774
2468033897
870859555
3295183260
331185889
828471068
1214154090
2415507047
2956294505
861301774
1274062344
3008470017
2806867593
2123741483
3047435545
2838168209
2047126151
2976761742
919223849
2009556319
3204436141
201500481
1367329552
3790007981
1684576823
794295801
2738229725
4215538236
2163859664
1839878476
3803000212
3032752427
692516130
3209453027
2716767706
3884258535
2845318275
2059409478
3683654766
2665794416
892911587
4043379375
2008436626
730775308
2920434346
171179044
3163253741
687502528
518686122
520994632
1416379059
3527064403
2113570564
4062147809
3112812852
2439037760
1423820998
916457033
1002464884
1283692122
3857057930
1089222268
1136042919
1163879802
1349873193
2515868178
3820871977
2492660304
3076769927
4145327480
337388041
1950782940
3335907052
1795974618
3965239788
2038314586
2163294294
3575267998
2852450552
3946773299
3054055724
1957189059
758222689
2043391153
3001688879
44775554
2136079685
3868854367
4033985
605132962
4140840202
1082666691
2291152556
3312881373
3287682722
3115111271
1315088037
4083399034
1609978606
3531047282
935268519
2758314068
670902490
41124311
3498141507
4290707337
2867059322
1709065505
2941307486
4035486118
3089175658
63281809
4294867190
391287067
798700425
1954919668
1418803585
911961061
1838321405
3030690192
3736523409
4209258665
3344466428
4135732567
3711436054
2688735070
3962999505
3975948464
288072813
934923258
4120693282
929370003
3340313252
2558140194
1206979061
517852627
2523272032
1382670833
3034735385
3543321498
3285817627
3328467331
2528658958
2309203520
556563857
3014319961
2934891468
2288519096
1540989077
2109227885
2975539837
3573010199
3083144039
325633628
1458714502
2805494573
1090757363
3426417662
3775699335
490067286
3018726477
1477910255
3084330092
3059882838
3217678325
933894769
1259000333
2901603821
3036423546
3112123475
1147351040
1226915056
2926383567
1342218253
1872035001
2136553662
2178787844
1514316232
4263616303
2498881746
4271950399
3701412403
3030052633
2776318011
803690659
52186910
641437053
3802546766
2065183938
925047601
1907667696
353133912
2035677231
1050260432
442547868
3373741787
3490776486
1746050376
3050825180
1578656395
2139472262
3422776656
4216659649
1167327771
3615045732
3513880376
3053087641
1927882330
2740834712
4004919661
2839462208
3790341679
396628060
3851163038
104434535
2013608724
738138016
942958357
3061323531
2548771852
4032815843
1787262114
3477628730
3069076271
2220795649
3752902000
2445795901
1609625621
762383879
204235622
3901429619
2919888994
2016324309
4026637045
3682111836
4077257993
1735276042
4084314919
2484413206
390861756
1864097562
3275907631
3823992399
246200548
4073780415
3633149468
3827802711
958436330
418388740
3771099525
171818305
232345674
129231624
3643424706
1778367248
3618321278
1894449441
2740666150
2738762601
3769015066
3641298374
2710516597
1295043176
507736490
166997355
3150158718
447813945
3538303783
1106814983
1642065498
1416988212
3324436345
1802352314
1089496238
726111819
2900284620
1560754548
3881117579
614757770
1690044486
3745721817
140189340
1927196508
4110124800
1937938578
2315932799
48708390
4273625444
417226648
4147306599
3276664602
3853604539
4202985453
3454028905
3252940293
3653545442
3072577604
3314614510
2574851609
1793904335
2465078828
3266141347
3328432309
541877545
575691284
4173447472
365059677
1376499836
2954690349
3889303539
3928267574
1628334398
4111222649
120176244
1143363770
3504152877
2284593207
1652202232
529463926
2818603718
3213611256
1245512863
2379891928
2260614593
1230109498
1291042248
1300627039
188050119
3345054120
1695366913
538662522
3195346977
1364622134
3017311669
2105218338
1485081700
2668712921
723287488
759451408
3145373961
3507729013
3777973457
588550084
387375727
1024395858
3435145473
2610929106
2317069594
412807634
3329723368
1408672217
1675894573
1147764674
1764095504
1171906183
132114561
2825364298
726183070
3762494279
3300662305
1860639867
569559430
619268197
1256737060
4291217146
791663808
972092067
4265052990
317027920
2766221890
1428256010
3336282058
3383976073
2482957694
2154300224
2042958660
908091689
479335264
1719665097
2744061029
2386186689
3642514045
3555097641
1962056689
463225845
2137601351
422131820
4060045148
3821408119
3726655886
2550695783
411905224
283283160
2106315308
2494886725
2687294108
3201540791
2449660565
1488307114
434418389
450229731
3522521755
1046081837
1257160414
1271236631
1300388286
2322854451
1262327171
2528570461
641480226
4231070917
449260392
2819489034
620551982
2224144866
1945912733
2273899916
4014432665
3294894113
3929103069
3690413746
1751005771
496373229
4205075610
4184025393
3746455057
3843035514
1658100147
2296763693
2396445482
1068504602
1716582236
2321945472
3823776446
2316030489
1543761363
604753406
3928864120
575719779
3000470949
4141180526
1666848858
2021380985
499794601
127275437
842908503
3068981471
4036623329
3697898500
311818563
3783267685
2497101020
2446143458
512604360
3586225250
1076886697
1490785045
480872287
209996697
303073338
4101891309
1867734498
660783496
800189125
1523948564
1870603729
3929313855
2429717368
1848550
751120267
3712208100
3153761484
1137933338
2925133656
615278791
2605309580
1638779200
4116271668
1547965553
2490261215
684205292
606618341
1017349927
98020266
2704707356
3744252519
2627572478
1842164284
3662928349
1798962363
3100012459
2516578140
3224182353
440076000
543610857
2430809579
1115537571
30084763
142487275
1700430390
855933212
255513824
3239400244
3351254949
2252031201
936202981
3235899064
2503881519
1582578307
2565899296
3649640862
486974021
3508442151
2483206267
882893325
37360304
1605944922
3153827681
2958279626
611137461
3305732854
338524755
259214163
2020544357
1130550488
3216316627
3009235578
1129769397
3653474161
792752435
4057967130
555922211
1507323964
2860262672
877143487
3488476276
3725784441
3650844612
3355692566
4042468786
2507095816
3739180447
392593901
158953343
1938564737
274473446
1141556159
14629461
1754385321
583442525
793385943
1108310551
1071467519
4149387729
2880671943
4008880215
3585234259
467529983
2166680052
3982697519
359823256
948219312
2502458707
4161266332
3267948156
4149810326
1857821087
2720861966
1803928964
2810616479
1053162080
3524512618
2578165632
4197162933
3475970626
1466256971
1532804563
2277399132
3883180849
1495046705
4197560618
875400283
1209971048
192025255
913498962
2965499319
1145106723
4053128746
3152632113
2721116901
1157375286
363882032
1729102528
3994947428
3790651460
291057589
3300104482
621752911
2950942995
278317159
2929101967
3167203808
305829919
2528903105
1145354518
2407494884
4084455873
85520328
3306816815
2860060275
1137123455
3496814390
3813132806
543304933
2742183768
841378713
795263485
1449946576
2762297975
3485651376
1342475354
19813674
501664693
2499570301
1751524635
1031776628
3012157837
3032987561
710850771
2731270391
2424427392
1859023591
4232741928
697744816
3960448044
3964010956
1001395919
2951678986
539717687
443451921
2354402734
243755811
1801650980
1913222117
325183929
3148827901
55000810
419047079
3386062199
2585043404
36529550
1683937161
1188528557
3398183051
2884675959
71245867
2734370928
1103961877
122088787
2290290955
1392451584
1001507762
40606829
3785272461
978442905
1037111093
2513536851
503653709
3939102058
3922150577
1741130652
2732107967
442941581
3414115622
1536956103
2121403455
165582699
1990477774
2311936351
129349828
73938568
1804966908
193622141
928717189
1804515445
197084018
3124638055
374369404
2925878929
989289358
1691885548
645989486
49314732
2390481195
2742211254
1331345627
1715824359
28733293
1732330473
3194764937
1508857872
2928155442
4274261848
2832358600
2040567927
4151443619
3537654683
270166098
2506108906
596156588
1195311020
3665503912
3353522254
1561681418
540865337
4089195691
3649518237
1920836259
243606349
2628337326
3311049577
2891559599
596004684
1254082942
436853765
1653722498
1503346019
2644225667
3910964442
2191821625
1073222144
1825795614
1050312562
1662688945
150913391
2267238170
1644639347
1285003566
735902480
1525349505
1307247096
2010840144
2288287291
207547709
3498544822
4060108418
1649201871
2828627134
3808389568
251620062
1357355017
3180447742
1952238627
1177397389
2050728706
1342661681
469380483
3131752906
1719099076
1793011339
2753602802
2536298367
1763457706
3757930676
2153945214
3588769269
3011704698
3708466741
2950591686
1953043868
3778359101
1209584533
4290909376
3068298649
2740381474
3154528327
2033448547
2741039113
612270963
2241376503
1590285263
3534977580
245074121
95442056
3894702324
4184422251
4121626874
1124055992
2495465907
2071738209
3085470287
4164550891
1173382515
1234571664
1586203515
1790201314
2116027129
4214418867
639690907
2108471857
2553372118
2860440197
2647209694
2287580697
1081916454
340461160
3568673248
1065986080
3791789877
2244435111
1078849938
4201255199
821844612
2634694710
1573403833
4255674965
3264019512
1458535600
1566115468
2315197539
2008955818
1753288204
2109979164
1662674491
2752478318
936621916
2551299705
1573621580
559157814
715225539
3530202828
3390489260
1527490000
2617759323
1676278878
2045603208
1963976665
642134370
2045063127
1945681935
4193369924
3077143124
1756582158
1968820289
4226142579
3626589984
981810146
1029244111
1021393431
589554539
1921756445
2240473101
1442803563
2790393363
4082426612
1040910176
3469096398
2473451578
620170381
794030918
945824496
3754875484
967902790
4280755661
3945069774
2264455129
2018230015
3485521095
1242768016
2382395162
2613800900
3977745592
3093367252
3070410140
1100742953
160024851
1144255105
103009786
3785983479
4075000740
865984823
1285354751
654819573
661949905
2303864944
1786382023
3001122119
743075238
227114363
1082364692
1367685005
4094450747
2207773426
2412978183
3180349136
836427927
1372812413
1227734946
3244921710
3095024208
1637020978
2133589042
2628489524
2389888653
2296644562
1761457519
1697607933
4114961530
1798159852
3809907285
1903287971
337298055
1852549467
2793572844
3177738704
279695821
1335281751
806424041
774704972
871032876
1767689710
3289035714
226888223
2715111304
2238524694
1414268853
18115402
3740233872
970096996
1782168568
3540036035
332833791
3662295342
2676710865
4002400064
204467565
2555067395
994336226
3134072257
1106877910
1314838306
3153279753
3611486526
3324203824
1349461295
2978567897
782422226
1200166634
4112554946
2191788370
752922917
4037500566
3546243664
798902165
2567016498
501363677
2460843539
1540002610
2393516770
378027889
893518893
3613189351
113554433
2964142792
2356404883
3857792530
87434602
2356085272
4231211707
1762981565
2110542743
3335542928
3105059189
3364437669
1918774501
2860133828
3913519453
2299860429
478758531
1611050005
2117546468
2026325974
3817720477
3245467712
1402988538
2638656871
2203814380
1253463643
894529701
1706775084
992122650
3887592950
3184955079
2369935467
2898288761
2210320364
1259093701
1792187808
4201830812
1366807604
841662345
470088834
212271845
1433936095
3995536524
3988026400
2297902275
575908576
3777029830
3017008193
3566188950
2990414897
203436218
3876188393
3846490794
3989405655
1105025959
562224353
1736006576
368837240
489709299
293614522
1784626830
3903348281
826055818
559553240
3002545116
253188517
2253963619
3015051679
1206261584
1738648873
1189712159
1645778086
2504802365
4240131606
1419585465
1021049373
767971525
3964214814
2705060382
49574890
2686661654
3426459451
3369241432
3324511508
2474562131
848812308
3411785682
2106816222
3716586966
1944003161
2909792380
4239840811
2222336782
1492349075
2229225086
3702743543
2606688798
941405986
1774232922
4026740950
2780633949
4145233523
3562679459
380403263
4269162504
4038763826
3346134462
3723906029
658798309
3390303304
891872019
659966804
3736610947
1411506607
1260346897
3231756503
2908699881
224580381
2560893341
4029737585
2807843562
841043911
445561232
2029546406
959757122
3540571450
3048365636
3505734862
65870937
2080561975
1492016769
2482684288
3486745946
3280362059
1147510372
2468606273
3871637475
4223680
1760847184
2854336319
2307551416
2931769220
1188263096
3137566362
4089926466
3122999800
932981920
2672648267
408334903
4266557210
2002524861
476451499
415791134
1380334700
3227462292
3316634678
3993392089
1543763264
3281300514
3246893030
3101546342
1237955740
2034340270
1786290459
159864901
3922839836
2258249813
2525670514
3479555576
428438658
1094663768
2144640189
309296690
2248855189
2213132311
3965424565
3502438190
3744290201
1438133293
3910743018
4084304549
3392479717
1938170857
4184317721
2307376833
1925348416
831871162
1988524928
3771497342
1362405568
3600155314
3880427691
1854700029
295258130
3631010154
84902230
2238916689
1021211829
2838580583
3991333208
1470567112
2998229532
498723145
1581745840
315654789
256186268
3932599453
4107961798
1351021352
3275663485
3655791869
2912868703
3928600008
1447674965
1412007674
1909150650
1418310625
1590987172
2430027274
2182310433
1847265297
2327670901
2022477419
3526374792
361431542
1996136301
1610220142
4137583887
513459143
1167214105
1423382116
3588188849
2175633183
1211939789
1164678580
3748035312
3885714626
4002836502
1563934618
2992684501
1980011561
587730332
4264533163
2733151269
1046712177
2405080593
778118709
2311687381
752359373
2240605202
276611933
960339249
4152040838
2605564649
2169792934
98887863
2390303412
1845213698
215052736
2951447814
764430223
2997820344
2017411635
2591448796
3301516716
920919600
3212776193
515084718
499082281
1973804369
2201367039
669361856
4235492799
4291418270
3638043892
235543740
1421431320
2636151016
3017948287
4175360170
872938957
1621699351
3758254904
177652452
4057484368
331940428
1405606142
2415433872
3452595044
1327832679
1090716389
2887807728
3706129651
10219982
1392000870
2451211384
338016742
3664483054
752131556
2580992581
3435788678
844913885
930769972
139951382
604955260
1967037606
3338597987
2160679608
3010806189
3706416407
1502463056
2549536250
1809864911
34315459
557887927
2476825107
1548349486
3464402966
2685607729
3783832057
1342001484
466756459
2048851827
2544646809
2828285116
4089530524
3069939976
1965348776
381645623
3661279447
3463582241
1361353642
853997025
2002807545
2992792317
3481945286
1800753217
2046634721
1146046305
827189224
4274618305
3881765448
2915162634
593961960
3356712104
2384561598
358233765
33100983
901568413
2570303154
2185728848
2250548075
2083719571
433851607
1247253116
1386638782
528687704
2308671719
355222268
2229453699
3512977330
2681201202
3838051769
3810110441
3347858765
2916018072
500706551
4133666973
2377302308
3012212094
305384504
1085943916
4181881331
2964856882
1284276700
245912282
3399052045
3324546462
3094866353
4079763160
2838097781
1117431731
4086126882
3648271507
3914708212
827631960
1085678777
4219679603
2215694097
3999216430
3509894656
1151069492
1291306761
3857574059
1466251195
2620996046
3724461686
3771383004
2623881620
2319952962
1527149890
1709975639
1870113325
279110055
2431662587
3752526699
4091336083
3412128911
3854727197
3929329914
1678090744
4115796972
575453358
270114826
2271481778
2705511643
3802345533
2472783480
3040497358
4147349630
3337371544
908775558
3104517956
634653006
2264225811
3101887648
3774613200
715654342
1280478615
1346858151
1503131598
3444466394
4136162479
3892964766
243667528
2045952846
686616746
3147051446
624460638
3787322139
579458541
3026739604
2570120900
3208066425
2394569476
3547184019
1999006461
2498567469
2947422267
1070943475
2054075273
1592121598
601577822
1984631749
4025540590
365874807
874435924
1154572445
2906437055
2454602471
3532561228
1763530692
2050685539
240031585
3217264516
1487409640
3172906622
1180648217
4026748790
3079393368
2860222499
3687502802
3721190454
1492437316
1909578857
1683898569
2300028011
2398835512
3273630389
2997088413
1144876859
1199943481
1957001201
3114693052
2791210908
515929083
101683042
3953624956
2359678373
2320539152
2230930755
2081639217
4056984288
4162232274
3829662526
2957153284
2193150182
913818978
908108296
1828694218
2602808220
798179571
2766142542
698709255
2021398461
1304773114
1443361344
2961368004
1579410745
3340997031
2320140939
827910511
1776746928
934246894
4046639393
182307000
1239065385
2058695415
35223047
4011912922
3026440560
1919798398
2150023136
2955462969
3656174404
1991253239
416002289
200463415
4258885991
3740715869
2963572910
2386305515
212196663
3153529799
317530911
1006254761
2734811925
1443198772
3079074326
3752606491
1172119480
478690349
4017919873
31628183
3010597146
1252323527
4038351507
2540652318
3545894675
3872670477
2537600568
2297954584
4090704900
3695874598
3837197244
3847755284
2470825144
723237695
975690391
383825203
2877715047
2411961335
755770578
2867183266
1878386914
2630544444
2970960982
2729554308
1210591369
3484528012
141711461
3546903424
2797382681
2558003588
3541131563
100466945
1068968992
3276440138
621105685
2957289773
351029360
1886547488
279763221
2316340042
1406895488
4128643101
699779077
1823128711
275778184
3481472224
4099941132
3447613872
3864146739
1396724111
2690729156
3266896158
3690566808
857192560
4200356748
3739951392
3469296691
2191591428
2271965785
1197787852
1443029377
391299755
487154053
2115583693
106329348
4006803705
3554650957
3716486343
1106381294
2188864451
2349711712
1325152787
2526604100
1564744768
2280058635
2679599668
2270702822
3485777188
2822554910
4051762097
603201442
1360135815
1029803765
1758697261
3624138605
3817033227
2771289784
145413590
3554180581
2631601546
47223849
2008452464
4166669829
2457927126
4118232424
1278233505
3988766825
2079170532
2714902988
3340295660
937717335
2630290742
1357000792
4255623511
3758305214
1419638425
306980032
2729601387
1491007074
1472403270
945325166
2359770375
3950138667
147661138
807243341
3718133923
1309809772
2247416988
2805275831
3902399512
2274865535
3341128786
2859251465
3960426675
3413337889
2883824823
2000809598
3370464448
2886747354
4057852755
319533185
365414101
3885958330
3627655101
146581352
2745242814
1273790191
4253052708
1390765465
3652016244
307672764
1756093944
2199023223
3387997994
3432193758
2442950905
3058825055
2751944488
2105070268
620530781
2363943662
610518032
3420449432
3839881740
3997650148
52395537
4014400103
74313063
6362541
2807492925
1733923338
3621102129
2958367398
1359163442
4250019604
3644197470
729910632
717607272
3594723909
827394790
395860025
2732534459
3276792713
3827209886
465497463
1676015689
170104461
684074763
1404313362
3710538395
4179311266
1034084722
160360796
2628241655
3489047597
2004936545
2707920950
2244041288
1649382526
2562032256
1208363436
2540483004
3848432292
3877765690
2353896341
2612910969
1068966538
1992444750
2474077669
812769693
3766161770
3886578738
1752207810
2081885539
41028044
661120932
834246829
1627362968
583242617
1506114854
2674723686
2548668732
4041202946
356437631
540385517
3389263487
2951938990
3104021083
590506697
2529111774
2098530924
1138878912
543451405
2227754212
797754132
1836319529
2120238011
1479453717
3719045192
164489905
3131058740
2502764696
1247306000
2005730186
2686278022
1842472673
654003626
3785912337
1918024149
328380716
1252411815
2487721529
181907132
21571983
1686951385
4012939565
2553709310
4210741176
750359577
425057421
2682550844
447580476
2975047807
1199939246
747016426
397898013
1722979231
3701411497
2169163258
1362350333
240672954
165401583
3351306533
2704304670
1505191977
1270421
2487501510
3451187965
2132324369
3585367047
2569430097
1935881955
1657227714
997334832
1893431002
1860641169
1331355265
3039186825
1911262362
3912083124
1635326963
3991109808
2222495572
3617402174
521311246
3874696253
100691876
3095272595
638823970
1618689691
2959243343
1596651642
121155305
2068373977
1632975198
3120493644
1203037362
2292931734
919690563
393742135
1759598989
4152929076
2527998448
2747226076
48893583
628459652
3579152080
1250331335
1992395972
3902164576
4228643
3153092907
2983165689
1246381718
2047103712
3733753122
837917328
3290149241
1438104598
1951029717
708936905
2814947415
3607836384
1134159517
1569429854
1489616924
2327777302
3924183914
539441398
154386500
1230245972
1956994034
3990418204
1788363468
4020021774
1412818948
3892600896
3960812807
1733441741
2304222814
1087969623
587922655
1756417217
722184933
2184266144
1172462244
1696599287
3130088989
3989533429
2285632389
1012140592
2787210660
2342640472
391499674
297309633
2954472899
443520623
847537192
3091173285
1166684176
3152520925
3475632913
31308040
1137612861
1998185309
3295826610
3896135718
929339003
3158443925
3073565549
2982605275
3146070839
2295212816
3314310925
2218846095
2562652467
2717103981
3910629875
2577614897
2149836148
2335573018
3222408964
2539737350
2326721378
3329934678
463144381
96964885
1526560731
28624566
2002795515
2501466359
3371116192
1435096849
2657789217
2617019346
1841653619
2112097359
1469803434
415420792
3378158044
2089628412
1000553923
3203025274
902842164
715674095
4219540365
389924967
3262611068
664552920
1032678539
2967996828
4080239536
607166557
1229089028
2559913871
3210606137
3929940461
2573369093
2962489695
1347083031
3237413513
122603553
1276101124
3508373366
4189566472
3349801122
1127395872
4142089525
1316714224
2957310758
516077934
3985554620
3509330479
2760224927
4049857460
706853588
940926235
4069424645
3067296166
1839627049
1540799020
1676827409
577651067
3167470078
4063688227
1123821370
2092621524
2927386514
3904105178
3908211314
1717431520
1624752083
2344152285
3294837124
3815700093
3758431870
1600221529
1410505550
2474170765
2469793117
2263012434
3135487385
2366828086
3562257936
3241888755
891503114
589474368
1468603558
2764970503
4017546162
2255300486
2145247582
3871475641
3663449757
1842631955
3941514568
3839989783
1936729686
3578292588
2971717986
1910839273
2024349977
4063722362
1168753786
736274806
2560091711
3136208097
322453012
749113931
475775670
767076137
1352933171
121548888
2050196455
2278530790
661779016
1627932977
2475483762
1219582727
2876539190
3997421747
177711434
676928739
2413620926
652467764
1123452650
3404031289
1150442760
1638983478
107679685
4280130259
1517654161
1332043231
971714794
3883477323
745788850
367483029
424134215
1801230484
2853640901
2374504167
1842314812
1892836957
1444660236
3661619095
853486298
3276385200
4128622225
2007285365
394199949
3661171351
614975432
4246264125
373691860
1657971792
4062246165
156324812
3402156025
265664337
1406442753
1646362564
1115699191
1350031461
1143644053
3970440573
2928583172
3280796899
1620406855
348851914
4146345916
2085815990
1809401185
554309849
829619115
1521609625
3796747003
3601296994
557309941
2119932439
1766241640
1480893719
3538428991
449729625
1005281150
2754948586
1112030194
2057098351
3055365097
1403931389
3596401997
2098261360
4274270423
1311530364
1959717138
4213118836
1034890952
248980353
1583228274
1330388492
3936181437
3009095378
796069007
1796188280
4239660737
3163110247
849612451
3057652240
3730983588
2513885456
2799252940
4031162883
3963623471
2025534347
1711832156
2348198097
3948035902
2008122537
3170519444
3160478919
3528317828
422857816
1129190577
2152805400
519921336
3280261747
798063445
2694661047
3460514630
2239008100
2524578499
2226776277
801685756
1077090307
3850392534
366824440
975273209
1365216878
513449317
3171352994
1006918613
947253473
958783691
100624714
3107030864
1689259991
3597281604
2882270227
4035140957
762903648
475156512
863161286
3832024942
2442576859
3874656540
59836708
1468219618
495771703
3171870058
3381919957
3004205142
1875331119
2359471171
4200270261
3047795271
3052687399
4132995109
531601715
118946745
3609984577
942086971
1869253263
2737527485
2642171923
2278256681
3502703690
3775503754
3732250086
180392333
1058951887
2391783147
1774084742
1926577423
1534755813
327823246
2377040456
4164014890
2793034568
3930480971
1428577389
1230590396
3314019098
49596032
3222884588
3292178131
2511569136
800179936
3942401515
2000142071
3361618492
779873124
3674768136
784136513
1560800445
1348468127
911646112
3750062097
3053269443
2732733971
1612946383
3149174155
3145697473
4205574167
3687287196
3470495110
3814430989
3871888759
223702971
3889148254
2561812009
3530047499
2008987598
3252973015
2083696471
223271955
2165900141
2456691834
1298176503
3704778779
2291711648
1827766971
384176926
433533179
584754619
2215913752
4167453133
601510932
3573224684
1184764090
1276700739
4085638204
867710154
2366054849
2719512782
1083906306
2074327539
3370099813
390752422
3542674687
1879310073
4096462614
847032565
1328120108
2850689270
2297375879
966070679
569810204
857598824
2910019565
3389112942
2463503687
2399878114
2527589121
4141339853
3094301299
1150371647
3802875369
917955637
756745268
1707577049
909895600
1154648779
2925035745
3549914451
3030616546
3413590299
1744064911
4273108142
125946835
1319601066
1358020941
3063874752
405774134
3350817468
1489647358
1824959578
825574969
1212385487
1888915732
153693906
3507291550
1336609313
2513029149
3138349084
4213228515
1444862305
72878672
2553442413
687199589
1757007698
452051509
1954218455
3258179434
385580779
931345292
3854849067
394969779
1158361282
3178201213
3064793063
3230209093
2476199117
489556047
3734287132
1639480512
2406248698
2791972840
1665816269
423749032
1446168242
4078128184
493070692
1362473096
1938185194
1350326800
3840322840
812390811
50980023
2033986467
1631500117
726489503
3561155936
3290823290
553111841
293583360
178588774
3636633259
3871229100
3299119025
1339665282
29082296
1183081088
2748533316
242790644
1946897917
1486746408
3701074399
2710001605
662901597
2881827236
80072604
3930172676
3161411629
1537438587
1610934415
4202394850
3535144270
3503091647
2193163557
3653099166
67406247
1315590824
1650103058
1609079923
1968353520
3511950858
4239896845
1210403254
3748881874
2442714078
3239742443
1683373519
1403106315
978912224
3677952552
4176238630
1949676144
1821309795
239877129
2945951259
2095680199
2355663687
2382891170
1464713084
1905476222
244276254
3956419401
1469280472
2530159760
691719189
2810466427
3669122507
2262826678
493074126
3933133793
1150336026
602929388
4069957616
1014781478
2512585782
4024118627
3498023043
376962683
3439622289
1323242515
119991089
3128744948
3292762609
694749656
4167084714
3702657397
2899038687
4193388605
1596867473
947737029
1908288289
193044413
4250471754
333350835
1812285480
1891941113
3852368531
1742621723
4244632773
3254145782
1506004455
3784683170
604808348
1371950487
1106443611
2072186439
1155121400
2769409643
3683003994
553716503
1660493261
2395250213
350581843
4086131384
2619700516
3068610802
36252900
484034079
2663614216
932141278
4240514111
3886469704
997304596
3754648256
63249594
1192160339
510744614
986410346
3476286726
2570371899
1045772945
1150747750
4091173690
904267182
1343007428
1999848119
393946485
860607355
965850220
1702502057
1987123475
1130177155
968016901
1699560992
1485120383
3219385004
3651953414
2103262707
1509843241
586171528
588146523
1251839211
2711813000
3149038130
2584816294
3286374164
2218294650
1973974612
1974299343
2499603241
432863429
3074469640
3040686119
4110605558
879648276
4079129263
1780206322
93303419
3102943795
1603114409
1418684430
3474535606
3463305227
4216300603
1214064834
1396027393
2655281686
3509529233
2817863094
837454442
2839614670
94496093
1146250443
2044336597
1106759959
2510394983
1572194233
2135211448
396490181
2684186172
784247996
1191937090
403164194
2755756829
2428384903
551497833
282189837
206130328
3186924421
2320265817
2648797929
4134299400
926347744
3335415582
1488837101
3073266405
2171806411
1867120933
845344792
1478889560
1701572024
2090483162
1995415816
2646943174
2778634466
2914795140
2759407327
304265540
3599426524
3539233988
2548032019
3756517287
2766236900
825556627
2330880392
488296089
2952125122
1617922021
2954700090
1930200037
3634189372
1343790068
779300986
2944016379
1516215770
3249891593
2413170957
1295942388
3990044772
3380148999
1129997182
3802193110
4271283682
820281962
3332520693
48697068
2512504969
3773227848
2749296725
279888937
3917559538
3361356657
3856160388
1803100092
3897722892
1181307215
1715287195
3410568046
838147518
2125039114
4066817261
246899429
1987937814
3032096971
345637225
888033158
2926419321
1432305594
3694001292
3664702047
146930253
2267714987
453233002
3149762991
2640444429
3075360492
1129168601
749318679
1125699443
2654979514
1737328553
1853323539
1734543527
2060815167
333188543
2782603220
2411953409
2616916112
2937961156
2226184798
4063478459
1045832643
2094296867
2718661974
2734374351
2422877403
3811782970
1852544315
1033509933
1389200231
2843639871
3307597364
2066982609
1817675726
3435146331
1946213940
2436172292
1191721538
2228838029
3521442683
3638731262
3312053
1230078584
721723311
1842503862
2842820406
1890526457
1671750642
4184976948
520977863
533323208
3465749502
3868679360
2238638185
1532509649
3937221265
3484658488
670182415
1155588185
4071556798
1447189305
3793449762
3529460273
3419913080
2575092462
3527487124
2428508069
3425126299
3696165543
2543703622
1672187350
3729896836
45955304
2887213742
354905622
1074079112
2318211701
126993260
2403502737
1551043224
2039832878
347243475
2478104607
3558135940
3747324105
3133095081
2570111327
3030838143
4227188493
937134236
207927532
897665435
1065273186
2682647792
777522277
2969183615
4261232752
1748841013
818939418
486472782
2748769677
3689156394
4010806754
198952001
2403984450
2747299786
2860004415
3422300
3105840798
2356559287
1819306889
2308325298
783738243
3444307093
2709917423
2212561464
129717583
3696965218
4020706453
1435008016
874754701
663794969
3269840014
2481322461
3803730855
3699538812
1234978134
2655390099
2785253757
1078689664
371353609
555149069
3663003567
848176911
138222928
762357150
877459613
2644413378
1250649130
2534066909
2997311317
1050067988
3110014846
2414722873
2770202971
122309661
3697829132
2498316806
2027277495
2190666445
2730052955
956842661
4118617355
1086354569
2444615679
3248248151
965268291
4243768760
3435925326
2779494451
4149301118
2021094424
1284076759
3639513643
1522621558
837600494
2956894902
3617430525
3576356245
2202897239
152950577
1399974218
2778495051
223152943
2373414967
1560098417
631720359
1451307282
3385610750
2688262038
2845445067
2424284218
2607171103
1460604956
3178650274
3487964270
3156344186
435455095
3914536486
3850231510
3352902310
3718401908
1154430920
1887061195
1599378551
2107285274
2749060312
4035067844
3716093240
2006876746
1327746089
3909574586
2220951081
1870025433
2649590695
3876445653
1727266144
3104545053
599104302
3961693575
3127367590
873699649
363912262
664660459
918386249
196660879
2297640888
1357980819
393985507
3411572898
1978490560
2406054441
2910222158
2780232968
203643690
189572094
3373364125
1202393099
3353037162
4182249172
1413300209
3496308658
3732151599
3486775460
1833791894
3796275507
262465097
1800737980
2840697248
3701876112
69040787
4045096625
1595460220
557123544
1000732581
71551661
852755153
1080826407
3016354789
196153258
151897481
2743698487
4269738238
880290036
2490066626
2573302148
2674784856
3160533691
270423673
2403224584
3930397837
1569319558
4112375613
480995209
932242908
1246792006
3902885293
1338345685
2389739074
2702276659
111730893
2781768341
1378408763
471686609
3803760981
3510882178
1673405361
2723422099
4278956950
2898987234
37547015
3179933034
2549766867
1829728494
1320223919
2973198139
1144866891
3432278322
2290355708
1825518796
4203979060
3282138341
880371815
3646119749
145799391
2895777374
1414129859
903363486
3844380303
169552638
852736045
1704878634
3038457699
410515072
3157644604
1063130846
3403015912
2812898089
3605407166
673719179
3116130864
3176043564
2506298936
2611735180
2394720394
2534605979
791585913
2496015496
4012552863
2597775204
1274387402
2066395030
2969580372
3660650096
3511830605
3671521954
2780457395
3938402409
2098401754
3649543779
1224825476
3710184826
102043072
2144101247
1238034562
3753206461
706906673
3401192276
387212968
3260610533
2680714238
2663403298
80473452
2735029680
3845515977
1683679724
674033285
3905921449
1730409730
1358639639
2859873435
3576481870
1298173066
1851731702
658525458
2335541251
4034127153
4123825846
3862887208
2143528690
1760733417
972142765
1218937677
1458217946
2134500326
3239975054
742825794
3295448029
3357145109
2575467472
2192056624
2883462807
817558622
818944044
2351721026
3233100925
3177951332
1910199328
746170863
1681954702
3055598378
379062333
3309361390
2317502359
2756285351
2939604543
2610390457
1728992792
2888183007
4093633114
4106709162
2470407053
1581331870
2975094602
1374920767
3973113533
3585794852
2849500383
4091543729
3578479251
3067997562
1864143766
2753210299
366236661
1235524645
741542049
854856993
2206644787
2039602358
242159155
60198371
3684409230
1500399368
541519284
1966018454
3204971565
1616365188
1949799673
587606160
3730660639
1830820116
959983783
2428919097
1466148768
1854981515
3105815939
2989565620
3482646638
651179788
2606114787
1846608826
2504120420
3789239986
1692841113
3260908989
2039189720
3672525175
1073975270
2806075312
357447759
1307891729
2214487476
309839576
283466650
3104744706
1280172649
3280584573
3380110712
857421393
244045314
3908615597
1996818903
1306023575
2419051993
1814085706
1376103003
1407165515
1706621322
2102248811
89764483
2771940425
3925837166
2718736387
