5000
3935557912
2340013031
381942726
1099474519
1704134968
1839631684
2554955744
672715582
1111323419
2992013034
2239803973
169339445
2793941455
134508419
2475056356
92221424
1983089727
207662430
1199203277
1267749360
38426513
1314104619
4288037509
590604286
1048819648
1900493882
1018865034
3337529659
2583380314
880454885
213434107
409289398
1399646316
3528312904
1881649660
4032243436
1396741546
452083254
3499994378
1237339979
696851898
472794388
4147876268
4124182916
3934129992
1373000688
3615809039
1408969348
1228621666
2393358392
2291575105
4108532659
4188677815
3609112963
817509365
3385398029
184197442
2744222471
1869422387
2997648024
2298738965
1110062176
1434806455
698954598
1524136787
2387695990
1370652438
1640958829
1348588547
1939219853
547761558
3307788808
3992601807
3945726178
4234462012
647639167
711512225
2083484033
3267389285
3101824468
155241944
2257846734
2829462219
1716203041
1735817076
1003023695
3962636181
1976300949
350765916
3579558653
212826795
2538999722
3969832230
1617963445
3318376228
2210499235
1221028992
894319461
263480031
3027361691
202448758
712899948
1156435667
2567910687
2029919031
495693301
2005694329
2991102416
1633476153
87206982
1620951412
76950183
504850782
1142012446
2012243677
1494083928
881158900
2042777362
869713266
794061286
1201168647
2454975133
60350753
1280508990
3536422057
1696183572
297865920
2446572368
130428095
4182678954
1318189571
1830654273
3881821539
1499368250
345587466
2836657811
476336249
928555441
1447493485
3282801426
1039344433
2480256566
4254065224
1446743167
2997773217
4045658074
2665169042
2978763360
790506063
180026075
3125441178
3313949616
324960072
1050217823
3067959834
4045706993
2859160586
1675182620
2192840151
2645392332
126618833
365100260
2291111368
2883453802
2506942899
3275185141
2999123049
799367268
464113681
2311842554
2464581710
3136944278
1955641901
2852335975
4115128463
3079228518
156451829
3623887426
2201214523
747017241
3079181087
1970550341
914495185
453757913
3914302074
911887262
2421628032
3680170295
984744124
3127154394
3578281816
1260469769
3941490999
4180012250
2769992068
2413721872
2813018723
2004143902
2109642366
2785058333
4249981962
1816336056
2873398065
1826816262
2381556944
771642059
373001853
607333101
2067630430
2740581493
1320568381
3653431680
699428331
786884968
3804287696
3912673651
2287871775
584090232
3306591190
715168406
170561763
3451256296
707419180
3511377585
3276130179
2025193314
1548524970
1323746243
1606418124
2043329861
4293467448
1653868854
2356309578
624681585
2744748966
1862909882
1229346287
3422676256
4008894838
733800424
3448773156
221585304
1144875281
2572179158
3449734733
2038934336
2418126152
3231645347
1440051529
321228134
69157854
944307701
3632320240
1910412506
284670033
1906412701
1517099479
1627549785
2048862314
278244720
2381783353
1252955595
4185738780
287674382
1925011070
2335825012
1311754993
514108741
1845576215
2489082764
231846701
2962155974
2822654702
881243313
2506530570
2241251818
3020335588
1731455391
1288982214
2974160981
2426675853
1942233902
2206850987
3286090019
568744316
1943849924
3100435507
3981066060
484385735
1979991639
1957495464
1553217971
1789472575
3173287656
4090640161
3164810295
2920309987
1193557555
353542520
2861884332
2274529526
2465664769
440957170
126766880
1273931303
1278242808
2374379097
1685642011
3457817855
4005900282
3334808502
2498603391
205033675
523555234
634279067
1715586673
2244431608
557342419
3155799847
130272680
2168605547
76458264
1380099824
3438637414
2931191974
2351019467
1556937291
836988030
1005642149
1732082711
1280585727
1650390674
1561699479
1578084639
2821667623
3766340037
2125785077
433663930
3329155285
2160535018
163444735
361594505
1783558585
3461156955
517383997
1462739
1726921559
2503286980
1044975396
1840560159
3887807828
66177547
3867221280
2432354481
1507630858
3277912374
2822118109
3579267261
4209404725
2175531069
532460199
669541434
1831543185
784240962
1969250965
288737988
3952912872
1945065981
2162773275
3853027644
2650799287
3874027222
3715733743
1112133298
1398889082
3365748151
1486317782
4000586447
1627008079
4118190617
813749259
1620598540
2396229003
3220426988
198789261
2147335169
241652914
3261419079
1516161912
2054407704
651396436
1309224927
1887192892
3360503806
3037713616
2301767008
145028557
2395780835
1719138115
1113499097
1327376643
3270679165
2764044234
2859303553
2473668586
2829287642
1187238691
2878310681
42899345
2213081175
308657093
3088579509
3822312444
295355400
2701224695
1593287454
135406595
3223982146
1109456476
1181158170
790690929
2525182225
1299379694
1497084114
3178326186
1470073778
3021714375
2005971622
825432645
904376130
4001950338
4062644762
2364079493
1169899576
1674922931
1691827402
3835760747
4110317519
433183253
3967496627
869538922
2629924500
1788806394
2701794802
1917464624
3798280073
2054106896
2370163337
1924707856
882421497
2135646133
3667454947
833091923
3715658123
1396493900
175817813
179917053
2156433454
1907993490
2507050432
3012705637
1157430443
365826360
1357124991
4075634636
1368324950
3072606324
3368448693
578788700
1585628005
2127375232
1708034789
1034150824
3231132627
884880254
77815538
230157693
1431587803
1530933786
1569031825
426477026
993598965
2578348438
3053137177
888412349
120270669
666806852
4194254550
216244833
1444713044
890318338
1848888191
3846706629
3452315568
3404892477
306719007
2037089279
4015518017
938184887
1811988185
405628771
3579421024
3344597143
1737462128
4174670755
843962365
3087683213
3466912900
1726334163
845489394
932985638
1271203049
2608575676
3612179691
4288463499
2077359703
166720919
878048753
606033904
2534200212
663052748
416372905
3571107140
3592934452
1457827220
1545321586
2891693780
4285964564
772472089
137621487
3577341974
2022489727
643678113
4289330080
2673510078
1356312676
2920292106
3018601571
3732689420
1724097104
1445406864
1158768807
4271127115
1253990105
3553319523
3040759022
2242113349
1999813642
3530532146
522504257
3804933033
2546942680
2014117362
2608609829
3784759877
946242635
1138925212
598012915
3861891262
3818580885
2523805215
2835644954
300048693
2316170771
297501918
2531723111
2198467882
3168099097
2228985758
1023697144
729667600
2449147094
3674731043
2965469444
4199462501
2501056650
957465700
2410918534
610172462
4130042615
3307211701
1903785602
3495954128
2997974611
1455869031
3774812333
4150162741
4088798879
3368187102
537359600
2549553403
520695315
293024563
2279223019
4138152442
1914150269
3101136052
1434393683
390381004
1723136623
3210286938
1863586170
1376669021
778724662
268032898
2308130951
84328188
4230070930
3788729210
1132933866
2159122047
1142657096
1557569598
1180585259
3560263507
4258189337
150132252
648779156
2577220314
3171279807
742471570
825806183
3402740901
1861723598
610009243
1860245469
2486711123
1884994556
2382839391
3469164845
1958756607
568132290
2068160732
514142369
3792323360
3796648862
796953868
2167243349
1934317557
3926285712
113346429
2356706400
153801315
3992933945
1448687112
871258582
278884596
2338112535
2096147320
246716749
3225497477
2743222477
284246813
1071599573
2538402895
2228896932
1335843697
3633035761
1101182919
3803393895
4239362033
3970485690
1491510482
3049664151
1421577816
1564070103
3559266780
2610015257
3204762030
1712720815
1547280643
2705778533
2393540914
2920338420
138650884
2858241102
347534800
2876241112
153170546
2538601495
2170896116
683305689
4177472100
2006964062
3472522254
2064933458
3609630109
1808098498
673822502
928949736
2891002644
3652841940
4149232412
463090756
599242753
1832189206
545745328
4132146106
3199345119
308706509
4117410153
326930797
2264322008
1199713661
718907780
1786565613
2027130260
4117398006
2807550777
3439797241
3670399845
3427191147
1296872129
2370526265
2635389530
1611066904
4052958826
1740558667
103998943
2610805096
4029934367
1954339463
1756764778
1253755131
900380046
336124658
167934967
3964521910
1019518661
838511858
3025959660
2057102543
2728472714
4129998188
807251563
1351597997
3231472648
1610195366
2552605532
2718194761
4259566392
1387056324
2772423733
2819882456
3134463253
126516790
1048244117
2442506373
363088916
503730347
1868922102
1623516987
2091871402
450886447
4111249984
3015560295
632817202
2951329789
457541743
1005067829
3420539912
3681094277
3087659750
3672993818
2412853124
2539243024
3469725090
104697562
3595492665
603398856
2318561595
1147394564
634137000
404022828
704126937
1614803369
3746325863
4178217606
3058381797
201895666
2389540829
2256569789
3395078687
2633840139
2925337614
3500688938
1608160523
4283279210
262047593
2877875914
175372227
1429430849
4196339028
2327690492
1477334130
2839310954
1802597407
1452181834
1518940801
3548499419
1451317813
110608033
1516371331
1213026116
2382881639
277414627
255905504
2493660872
391354693
2430898171
3709567808
915276340
2502472816
2411228809
1033076351
2994860993
1572963848
3879053667
3323276519
3599704576
2645525662
1758344872
3692210290
873478058
3211992397
1483431870
100819677
2711907194
3084104664
2554475454
2329642410
23287724
2406330281
1030630247
2823604337
3648657235
4260867351
921425625
1382912458
3504739583
2712851967
1836201099
3958607881
3100139055
3137176010
889110040
5923161
3590353762
60593632
3891918579
4192674302
929667079
686897666
1773448657
4034189310
669083405
3803566702
3274501284
1366675668
3942894226
3902664255
1898377031
166817330
3604292272
621798718
815082436
4240851169
452899431
1670651906
3532105057
1328756936
3392240453
4087886233
2586109814
2612933973
1438050625
1943587584
1569836999
89635906
2261037110
3520619544
4243221648
1857019859
4000462433
1350336636
945561945
533151376
3076059501
2776239123
4237355195
2911847667
4233861154
972307232
2213732421
709868508
1789646069
3234011858
2095781271
1421966026
253817442
1945304364
3562528824
3621821802
4048171956
1944226004
1019719919
3316409669
3055516392
1882749856
3869985009
778572773
2267660290
1752252128
3817177853
1609587460
3880803186
3914423218
974603823
447410198
521873277
1233013632
2694563796
2304557256
1268936560
2887299257
4102820960
633639885
2449524701
1917553242
3836844501
3013038138
2940396318
1128686406
148912475
2704753603
1564669214
2758000158
1293909294
2188668247
840784529
3739379421
2109202283
2908303203
3882072002
3993996282
2166640739
4088084104
2494218108
3895207474
2783314818
3825567646
4109063035
3106791966
1472569146
760643323
3716538037
23747224
3335170015
955152446
4065499603
3798134993
88887121
2225048013
2513502938
912096954
3304096124
1662160360
3121656448
3252510778
383357114
313070066
2811082648
339507170
616862382
3443154709
2152402534
2292712071
1176738320
2242385502
1134008901
3142172919
4275501936
2827948864
1246631787
832570310
1168229170
1235977178
2204774540
2893423887
388572192
2119987068
2620930279
602449559
2267387765
3648686013
1408526287
1172429917
243206832
3491437778
4058933840
586512884
1293492377
1438264099
2540057528
2015281622
1397368115
3125754091
4216335910
2603298472
765931700
3594484509
3164680070
3297598248
968796075
441857346
3950849609
1561908625
1085638706
230092735
1641806878
1281377962
2187687246
1181587408
3695539632
1920320852
953289068
1540439874
779521043
2198894137
3511414665
2512453651
1856822356
4243819938
3076352585
1371167775
4053124153
3319325443
1240337126
1856115687
3815198313
1747801928
1612315198
3612895030
558214837
3243112364
3160436131
2635600866
3211940434
1236714652
620928095
3492142287
451758631
2657391584
2206098194
89382350
2717439181
2218969493
787972555
762988252
2557431304
1663627463
3541685661
2951513824
1592220949
3366070425
1757226256
104891079
2885303541
1816592206
78882453
3396259434
3656835543
2684326135
4080977011
1114589595
1639660404
1810839189
2931592416
1460872949
159283905
3772372620
1126336668
2693797468
2312929332
1741292318
122355646
2158973971
3937800910
3880701959
1170461673
2736209538
1735375566
356866450
2599743412
1338280802
952627382
3426439861
335152274
2760817543
357707366
1500646445
4150660230
3204428322
2566478868
1606876998
446700616
2162690126
748302728
1577781218
28892419
2897378188
2779847139
773731296
2702102785
3465878439
2595819624
1866728231
3816573647
525662055
2798295933
2554983336
3080648199
4020761370
3167087975
3099407952
1138513901
3535196359
989175846
2785691800
2149366034
3702452050
1843542369
1278793068
2336390622
962986867
2649900074
1780187969
403369090
3724999569
2651292043
2537263081
2141140205
2167200079
2710623444
642313014
245646565
3633687296
2242435242
1403430632
4087964692
3146976344
818014210
1775781965
267515557
1852554729
44012989
3222626905
923118819
2426210945
832606577
1823989067
1307237300
3039739836
585524595
4101661199
4258847874
4144137508
716302529
2324732466
1025754411
2528927647
523231855
3954986241
4113701475
864374242
3006668108
531745443
1266079058
1916674919
2273293240
33449712
494613091
775627370
2884376827
3510026957
2510164100
248495605
3333734645
2361575901
1418525300
2033541052
3224723773
2312846563
3496643800
2136292229
3708381367
2452849491
533642777
536835811
3776017136
183830807
4086892385
3251750142
2257114232
1344785078
2929735160
3929003485
3598325657
4241006199
827718798
844170453
2317367249
3985350217
1016283543
3344905312
2862298058
2596581596
3487166964
1664642706
4111027759
3726197948
896536760
997829060
2833878800
3591233914
385053703
15703311
691964472
817710856
1378479376
1094229090
3585202163
3301336156
2163477733
4072455546
3417309643
3854095524
3555526543
2814117492
1054593764
3499854644
481135586
3099124039
2061350888
3550376293
988415264
1053416810
1139471815
3499690954
3187360274
2243446970
209789318
3272911827
465719393
3166118073
2602457909
3021024603
2401653755
3356916853
3400871692
1067883768
860577209
3247262398
2972645713
595944003
1191742608
860593473
1786553235
527410741
3638807153
871098750
1401638262
1730686465
2551699499
809004246
2815309010
2242038191
2844184425
1684276172
2035035105
678039479
2588663839
1799437638
1841503000
674237051
2069284779
2843032125
2651687676
412696817
2848411913
2982112180
4225154042
1601579383
2616887974
1609444202
864918000
974265420
2390596781
1719385169
3610372090
3707032841
1304157939
1744859569
1853796839
4162106609
900759728
3484972837
2325566092
1279812996
145652089
149939944
2808771049
2038779035
2173556827
3753461145
877870829
3898678297
3704231242
1024343794
4005204965
2163142511
3645084986
4116966133
468179154
2131769841
465637231
3567505501
149770266
1814958701
1645094094
2521365927
1735516244
335572725
2769966993
3444009026
301015125
3745577089
3679943994
931247978
1461103909
307933318
3791094751
3634584480
2636539327
1833856655
2554409480
473492907
3574039945
1352457279
425824208
728625110
230829813
280506994
3463673218
1780352097
3364291299
952816340
1082720365
2054588611
1899873786
218973736
524531984
810528872
1364749233
708294138
66632602
2568276968
1667351343
1609922077
2448526781
3403540798
3583348287
3044477188
24004393
448315499
3293149843
3218552974
661589030
1568732767
3985960633
1944703785
1477021671
3902628819
1281103738
913953306
3348285488
4151434908
2345445348
1947162030
3799557224
3452431441
2013841551
3391339631
283564230
1782012014
1652912595
2510184985
1521941191
1207134475
2503431929
2813964522
2414347595
1176767216
3571206107
2039774189
881179588
3264459280
3261816016
1765742194
1891941538
1430579021
2059361953
787973379
1846749869
2838746267
2250835534
531370837
1881773514
1184908746
2904134258
3661106481
2698929151
1252515073
3839076648
3434201357
641088661
1374114031
1017120824
570269912
3880773569
1902877808
3657966133
1008198013
138622661
1129162134
2536538260
2411891800
1807948725
2923604281
114353514
2781827934
1988107119
1983694834
3818791472
4133023001
1481221948
1937398628
1939023775
3530633699
895630309
904411216
3712951740
3140172838
3266899549
2536141639
695049157
1820600556
3942189674
3264586748
3695339137
1257537117
3804106642
2721725002
1646795264
45314547
1472918099
2847074928
3310219762
1025749970
3746871771
2703904685
2377554149
296377471
2765174255
1237630379
2704496502
1302568339
3486545681
3394157071
3364592092
3845601323
4269934457
4267945667
1382808265
2370595686
2294139896
1455874770
4203636428
3693718993
903866635
2127406277
3166410102
4014263082
1137606827
499752851
166582764
4188339999
4099369093
510983254
2726365456
1225973170
888865764
2038095669
3632282137
1611906137
3381646986
1725593530
3677110679
3039735265
3936824454
640772985
2299806164
1615064929
2535253615
3759857322
1886795044
1194709984
341961636
3530318715
1182422924
3777763333
2138520952
1674201341
1970211707
1089940697
943853151
3103282994
1311991783
144224413
1485790725
3039264783
1476268053
2411116309
2051849966
3566604451
2034616249
2329695394
2242251407
3466818376
3141842264
3680780852
637466655
607299176
3072946916
4014052049
1600817069
1673914998
3627691020
2170546012
3724629306
2673682523
3483758264
949865348
1980270097
1024515531
182952605
2847647259
2872059582
3065930185
240072492
2451035430
260103135
2611653704
481335695
4034238065
2000160798
2991151103
3749098232
3107300730
1445671162
638305942
3628491153
1263800176
2313340699
1383069306
338501241
4291388383
3241117201
2231864622
1936777768
3064928707
4226300510
2169975796
3150345018
3229419473
2850771153
1420572361
942316471
2441349064
1684514548
1978464471
3268941479
119727203
4283174098
2044278396
3553785122
584362363
4169590597
1111433711
1744971599
1424094086
1885965381
3004205589
2512861457
3204615254
4011671177
638034593
491431638
1672314019
2253064695
1840502755
915198382
2212619280
2695904912
3311744691
190837061
2170593209
4179964945
1144088529
1970260263
1553855430
1468921450
1555201419
1659148067
3412005522
3988090364
51658753
1337418760
2121444564
2031109960
1728077781
3344178597
2842067291
1835145765
4057279649
1345555956
511738577
1192590011
3363626458
2351356188
3409373739
2904987511
165878465
3421528091
1928445726
2079242620
781504200
1477480735
1034733126
4038057873
2470024853
100976030
4031623206
3982464432
3786080581
1381056764
1283722108
2184755420
3446283146
2464063157
723203869
3100094099
2099719497
26638764
1090251879
533107752
358812660
27463987
3344682957
2618694499
2085851085
3642724848
1437228610
3676550289
358443051
3480703198
821796716
3641711850
350577999
2761510600
1294734595
1289934525
386650588
53700167
3364246481
1451385341
3657776655
60602454
4223662989
3748073846
3859091662
3061652271
739734328
1544795424
3715560617
820772461
793564291
3767513924
1420262316
1905707975
3949580591
3058606808
1157407363
488015658
3648126682
3868682060
3675651290
3808352486
4221329416
2795507439
635620314
4042498218
2271213637
4060849227
881648006
1223767622
1662528823
2573850021
1040927577
581764173
1764050542
2726298970
3129125934
4095481920
993080883
1653369062
3836718350
3123615974
3835232908
2852774611
3560836577
1167992074
4151365315
179616184
312339068
620407911
2957362006
1940799446
2863019666
2801875459
3609271841
821870154
1480958662
3193269221
556593927
1476292591
1845132430
875404474
3293749749
3697872288
593218939
1781420642
2591756059
185150386
3881203954
4076139959
1073555934
3663648196
2168820953
4260357097
3117144911
2545202986
3199083974
1287297512
791945319
2358348559
1619710451
3561560493
2596119913
1749226150
3506399217
934611173
1859197500
1562807513
4139322492
4110417897
3101016675
2057109202
1745242461
3229764013
2195858234
1764062741
3054085994
68777920
1838782394
4058784934
272737155
893084268
3278496799
900784828
2757667467
2825583037
3058427315
3684608475
1140841281
3558156556
972325907
1947649817
4269617311
4243568121
639048616
3704271399
3361986969
2606275893
839863559
1672042871
1092166395
790868393
3267851812
2463365558
749238861
2492432091
3015857200
84074010
1864657644
1456389136
857672322
3890057018
2079596319
1039559929
1844369734
1647056966
578142481
2051245890
1119797377
4188001730
4137540556
29020422
2426960404
208130730
1613444265
861900451
1501309685
480431393
2413373911
2182032343
661348207
2540630790
2011021573
381334320
4289928600
1676423487
2017851452
321932848
1949414895
3665691142
653038235
999234622
3718247866
2892677671
3340310254
1732441542
1861211495
2637495766
2855971300
2962279578
1153679129
592665451
809665914
972071707
3406176847
1710395372
3768589305
2746541020
1759408676
738917171
1050706331
3146146063
708444852
3447977653
3248520529
1754161015
2239785297
3446126558
1052697902
2262709720
2539994146
1070948196
4016422335
2676476786
3037771578
1738657462
3115739612
2289877699
3026019632
2416210358
4173179424
3031665958
246565998
3100722548
1300461359
4020072137
2340596244
840405483
3418483297
3316089943
3078173286
3757864451
2264216979
3963601101
4082142217
3946860422
1520763891
1005585265
2101019311
2402334193
3076982602
1811346439
2663306005
3760630126
2873812774
3435127924
3858738334
3928933672
1250855253
2741047078
36987918
122958482
844644646
3560546590
592132591
857053535
218502541
849115812
2623199926
3070685077
353344477
1333559376
3532228615
1750113037
948423634
3845713667
2928265515
1881794037
236074573
934089648
1171198817
3773082409
3017908379
729243663
4118117857
3551497430
2102812618
3419944365
3099558316
1270096361
338369392
540000063
2366099380
3739348869
3077212621
3748824921
1376799655
339412280
2366364834
3039931157
3252946890
2899054557
3598105508
157890532
2632212507
3608094429
1608767185
3646640720
286803811
2925388136
450944201
321609933
1464335585
634721529
3101251435
3871569849
3318430447
2523779501
3681022186
2332802061
1109023226
1218961783
587349377
2739045359
478888700
941081796
2431293923
2141468404
3908232006
839618494
3861938989
2384950479
2775301935
598272088
1179986792
4159102627
3781891281
4109785448
628259207
3533312268
3183447465
330966274
1655437346
3488531726
2594944973
2609110820
279907418
3094835554
319071311
3026694079
3132976212
3595201947
2943045228
2468272838
3028450477
2897928109
4145578921
1444418949
1277564461
1126486006
3860637160
3669822594
3554794031
1112647306
3752334122
4092679929
1337200247
3046965186
2270245273
846819938
11045534
207787704
3548476359
2200498776
951522155
2232404889
2920344537
421109180
2158836685
720663486
919991594
125390683
2603960990
3606495211
1108114233
338445983
1408956814
3639850287
4068936385
4179996799
3836035818
3976330596
2579200047
2641062173
3256872669
3725277759
1221464607
2774520544
4241746375
562194475
1987876431
4038376300
1608749856
244372883
3520204703
1709674245
1378506801
3231197068
894421289
1373935861
1192061631
1867613550
1312194071
4061435381
137341322
2757000841
4127050417
2043609615
3780538230
3777798057
2130137200
3375710051
3517019441
2928455129
4001188974
3721649339
2493152345
2298763089
3221667881
1199142303
1628127657
2231708137
1276668751
2747559470
782106063
1855031674
3603661572
2395260849
1120887449
895487016
1401244569
3096155455
4233518101
1158174599
2384546164
614029216
2487523585
2319442503
2862983005
2913472865
3385575489
2334549156
1027058801
1932875789
787545751
2123914085
4140388978
3082566107
3537864920
1373366848
2097544548
207991654
423426922
237876804
966286784
933361756
2453977150
1043794510
2011708066
1403001011
1080148358
3195252070
3474435239
1734032010
3765656383
165913093
1076228522
2688724665
71342690
2285064526
4047466933
2891016703
3011860015
719028808
1183768855
412143138
4263504569
3034794012
1238461544
3262936296
59884205
1024740419
1928181958
3110159634
1054486025
2169669737
1896195791
1373689996
2356923108
2975413190
55307445
362964625
503812209
618853883
67212428
3648278189
3373080988
1121182937
4013710630
4241254571
2015840133
2239234155
552584701
2909947401
2627270837
2599422586
391085635
1176583293
1071325738
874073058
3895737968
1790170684
3141505553
3380254215
3061506648
1880623388
1080874132
3845635823
4184038249
3463565428
1760345437
939362027
741913521
2589193730
3243343744
3992834049
667684276
2261093379
144715247
2462485011
63182604
2061589404
973882618
3267062060
4028499868
1579105859
2603298614
3754294457
2976052308
2023636927
1163117646
415541640
4128260816
827526581
2453408268
3658528362
2713398756
3771701572
3075952091
153267752
2703143221
1694218054
1693101835
3562027256
1251055114
669890960
1145068509
3465170875
3035885887
1831320809
3716634532
3311943999
38021746
2543412558
3695925679
885133210
2622414222
2988465341
1478951238
2979763108
719587247
1011394026
3537460604
1454025845
2601738914
722182600
263847590
155350031
1533255025
1288967224
4007820194
1772003269
1075303688
3112761299
4092988650
828358903
1115018926
1538412379
2144239723
2144882128
2349108333
2371912564
1400917702
1945319184
2975566554
2457868772
1883258201
2676853391
1620234359
1567292181
1440774868
2502752160
4236622847
926668
3910683473
494550248
3509187176
3503454035
2264495388
1228763677
721914421
2551778571
77884393
2811957412
2444382779
3847166593
1879515595
797482838
1795650897
4008715876
1400273671
1301690283
3089068190
549404555
2534021964
1654379096
1706247962
171929750
3155373989
720297980
715555836
631130456
2854726740
2851313106
2402550630
3505265642
1755226875
3529599089
2705511349
2312211618
1726819396
2433075713
428357514
3974350720
2857622229
1143036689
3635682738
928690522
2466749233
1167915120
2272050966
967566584
1879130677
3948656584
3598216685
448272335
3539264469
1362027401
2798219395
909990481
3220030848
3376760871
620180934
4003546999
4293180253
3868153769
3829314606
234533020
3356969706
2999571086
3895293862
2251980542
825955193
3010004386
4039268722
1076239051
2633918202
433873793
1767620692
791888743
3924638110
2297439596
2843280321
3711802875
3675161663
1071046136
3683314385
2039343626
2763152873
2580194655
1245579545
1458847866
774540571
2197000757
3382648153
2529532958
1641263639
3524419971
554839765
545089587
2255667731
498863668
2045898610
3192829269
2616313664
1575480348
1521038921
3711077338
4281243056
3497215459
2776391652
2863678016
491948908
1944263974
488885973
113316366
1744247277
4127934011
1093741334
2361624758
493129593
3907637987
2437324916
2856443054
1721267796
598477608
2005219051
1756994501
3131755803
4072608173
1937201216
4012367226
4249012093
156932717
3537207667
1934445985
2155138614
2310358865
3014235677
1009340064
898168465
2560694912
2210999494
413106408
2095559363
4266751182
2007498217
1515623741
3951969453
2283832238
749472874
2852010173
1089295617
2690478311
334369806
94169376
3707550005
717842512
3761855200
2746210066
1817528230
3022979611
1325326325
578983234
2381188419
959161605
3523590936
1540970454
3140309134
113551308
3048456937
574136982
3652561554
1295151597
2915014007
1708982536
1786308156
2437738879
1271180719
3192703277
2117107520
4248820342
2301557755
3522781199
904872406
1383022414
643817319
1324300454
4194125673
521653946
1298273972
4028770988
668798654
1708757176
496360503
2232431035
1535378085
2511905858
3507629591
2765789866
320185700
1222004651
906456526
2934297441
2384513529
2033279435
2396121134
3832455829
1439228763
2490951476
1289451075
2332756960
516244359
3291602210
58288191
2567808494
4005860269
3319882394
3137724837
368319219
3523679925
3010285527
2797508090
711344137
3987589232
3453888240
3510529962
2235434047
419341182
3947083350
501428861
1178779854
80480626
1979517792
2761102082
2494922357
918506045
1098847581
1388085645
1036716586
866676934
3040871325
2385536837
4139204329
3157879615
2176063644
2542460314
518078156
2349458651
541667313
2932366952
603774585
4003817032
2695250122
535570460
3586089744
3090380330
3902548757
250935776
2939253564
1344334880
882126455
3940329073
1036723751
3435393389
2555272802
1856786759
4132488920
858368174
3126876297
2377203084
1942215882
4042037341
2497592361
60937223
127017349
2913209462
1800696262
2934094382
312784307
297945062
1564511418
2659599082
1269051214
3896905885
3994116334
1965649496
3464128476
477098562
4238602967
2289380020
1330503123
4128237668
2911041153
4063975341
1946832469
1325644124
112378207
1717221304
2750596877
4023477729
751316024
1258111231
1689919007
2691619703
1373171719
4176700032
2930597765
3545743310
2973450880
3521450838
4194372492
1424352529
2928375233
798676088
3768644344
2953009266
1501803438
2679553573
1651709657
3658539719
3414523972
2595514301
421144596
1003560313
1644660360
4013121903
3330723465
1421889126
1001602924
2191169714
866525836
3124682244
1000637181
2308715230
2996844922
2276637957
4232792975
3233708202
1939970684
1731095003
2276251723
4167147832
930254229
2395054634
3409575918
3921942631
962659910
1266223715
3944294502
398455995
1598194118
1234091708
3289657253
776091332
2062088198
977965283
709634612
90532360
2139840439
3776259
2039549740
715633416
324949825
411941394
3740881426
3909362859
141594729
3257693858
1044276556
1330929810
4252358965
1823232558
2412950531
940784122
355047855
3472005596
2883574431
596794157
373369575
2039096960
1264040774
839955444
263710141
207635242
2167365055
2666021059
609902543
929489700
4165759614
1448098059
935581627
2022456420
2419085850
2337719799
3773940880
4082158082
1070840108
865351550
1475781562
2478826247
1366567285
3887545920
2227693051
2986152769
1587230616
3248854397
2053001407
1510665580
1197413432
3213478792
2881832108
770831621
1340613035
1696257266
428902686
883251140
3244388481
3874172009
917108023
1215966668
3009010800
376350571
4085914961
517582862
501698407
2271825847
1394603439
718871014
1018225924
193816837
2605420530
106987559
2349932088
1495308184
4236495020
3377639363
4098255509
2435950921
742858328
1034395087
3217176325
4172890083
3391929323
3495021474
3373003074
1626661973
2473715164
669991761
2164681423
2594950003
1015388390
1442679049
964522831
3016012111
836374014
2213977689
450149326
291855300
3602933753
2230661647
232161961
3392885779
1629707082
3841651459
1619661214
4159602570
163081239
2155625587
1021401432
678170181
2016569475
1622069825
3435054668
3467570976
3200057252
3608582401
4009417598
1756794424
650908613
1180543829
3951265762
4063320094
760143418
3128017491
1057142757
3548806646
3403224015
1708709722
2711489712
2499646007
2978348805
713530353
970301156
1167558357
696263395
3746393460
2581903498
342324713
4280171710
2661355629
1867937076
2850624992
2412970182
2223974963
94470016
1850625964
1607851061
3217102861
2103412443
2160366501
3794423602
2937343534
3488635476
1696538809
1383039859
3171453980
1140549336
2337159650
753140465
2302819527
2174574704
3158324107
347824756
4195582893
846848154
2891665988
3160182594
1583137335
3311628185
1276250822
564907425
4251620368
2053351443
1483907194
2568963763
3292150188
1267005156
1632199507
2619171297
1431778606
1001328557
882396674
193178088
844769746
4017759936
4221042027
2063650080
1510214683
1443587953
2293326702
4034772216
522269529
4267960012
2809718829
3536352920
990704386
3219921835
2920472579
152832818
3111917551
2476628312
3435956068
2054748467
489121864
4097755753
994018722
3469050217
1264732102
1708896602
1894265096
2804731039
1922910974
2939341994
498254926
565733259
295025786
456247558
2597081168
4087194654
2044664475
2370176397
2306648698
1362635549
3471905385
3257751147
267394740
2963474747
2684883103
1059049064
3939805488
551066409
3018253876
238116461
2933720567
2746580968
1496555753
402968309
948283397
3856468895
180263863
1931519650
55770871
79714964
1414994533
161941295
2500657125
3651941186
4259679731
306607160
2131119555
780580118
101026223
22461651
55892563
3043111551
2576962484
3245141634
1662998631
1907646158
2219445755
619822839
4063777420
1495034638
2065029544
3910411128
622395174
2749982480
3366562320
458484456
2188360738
3839984855
727289409
4146376942
2622070268
1551559056
2412199798
3707897992
949912851
570431644
850300137
3124179185
4232126415
275237072
3385099270
63794021
668522224
1594627798
148580975
33539453
311323925
2523929140
1702447651
948785572
2911507100
625986605
2114819765
2457819116
2543505262
1706619327
4178818380
2014493542
94617926
2765530836
3530117495
1347562668
4197395671
707153999
2346498894
2501091791
1737308812
1867270045
396548003
3930167518
1181352275
1289804744
2219632786
2185627896
626408235
2921353475
3401421207
4281972705
977142817
3790707308
4230030024
16309534
3681557107
2081843045
1607791845
3700850536
3306050352
1066775846
3050428118
1549037499
161794785
1027010938
2472262154
2320142756
3235083098
2952742270
3006633685
1005666294
357084293
2958462250
3927529639
2489671683
3527792317
1104157569
851573236
1310340557
2101337371
781831243
1180074342
74326087
3829773826
2789318836
368586212
2708115460
3550769818
1997255722
3632412859
263357268
1329092370
2604308775
3127164935
2104558562
3530923598
3998519694
3750824126
282440478
2090682334
3169209812
2767349666
437497967
145671325
2781762706
2941994805
307610566
2184688490
1912350933
584336840
3746959951
2202195506
3851998760
1671007980
341603700
137242645
2573759412
1864567550
2488744386
497547270
2312807111
1601960082
2110395495
1109086026
3603521549
2880422334
2183762475
1338439498
2360148733
44321212
4000749577
1560046295
1094708381
2616095914
3081428465
1251182309
4033700692
3940141789
385070744
1144034256
3973703068
4021078767
3159247412
2718417536
1723414624
2694586341
4135369902
617663536
2721930139
1064263550
2895820651
3692954584
2605742476
2011836267
110607495
3851355751
3826064303
3925402534
677374085
152819762
3568489551
661229762
921363740
2909281735
2187359088
3388121920
2467170228
4127374434
3799313756
2067402615
3376413506
3771926798
2436057212
3785210936
1054177678
1466243928
4069758814
1155462977
1138708394
894375815
407953098
809628559
2197308928
2795305903
3456038918
1496823756
587200346
4248156653
1361954212
2781117702
1267336523
2588233050
2947614169
1931430453
164688126
2570979714
2558588480
3662981045
216246559
2914748868
4053491778
4168910725
1373896997
192679598
3376806409
2495250265
4018718160
3523805859
1849737904
1606842886
444250083
578596022
1024976525
206895107
855582581
3435046285
912746868
1567112923
244042843
1007631602
80929977
603005771
2507679996
3618280038
776630913
1945656845
661836991
691706692
1869974858
449617116
3598683488
3246705930
2996294269
3347646476
851359167
2967137416
1076480857
1381293976
430281667
739247735
584845676
1293837993
131633309
2679335994
3911463401
1774265994
3172665539
3673508515
3525580590
764350717
289448073
4193872760
4038595653
2943425926
2419614764
4099268967
2430565201
1243898586
1071043501
3117255988
1339342122
23472041
566603101
2896971833
475791444
2830362536
3943492123
3498218839
3585754147
2335310978
4123394291
2849439368
3192431192
2116278237
1682619456
3373189778
162676827
3472661484
989264154
4102254808
2428155650
753514604
2556987041
495622146
1326072801
492481762
3318845014
3318350483
147786207
332988641
1717735303
3713655513
2670454293
2582713094
2518813327
1168229752
2066501932
2436455228
1158278786
2102463996
248714641
169591163
2162571330
3621381509
3927763614
3264577823
1211488790
365925366
209925482
1676234632
3557066486
1953822482
3624898865
2577485348
770320769
3302968895
483660897
4178268606
2210665717
3142874081
2103151075
3767470356
3858767632
3038030124
3394663754
1907834117
1819756536
1734201370
2235493548
1158991337
3504145098
4103369671
2270196031
3213491297
1328351164
939346225
3336624264
1969701658
2524058300
795305240
1107429268
1300174629
4031560615
1488705538
548704253
1718034974
990493191
732156935
561987874
2669338633
2620419169
2333488985
3481826929
2447986303
3632829248
921133092
3335817976
2082694986
3037488990
2671423334
1349490775
1423447493
1249431228
2993704366
1787080456
2168999940
358331580
1137822757
2675940331
1434862907
2625025208
642848616
1336606937
3172023932
2757835501
844273832
3281820050
1286229149
2960021304
1818144298
2043037406
3374662996
1086340283
261171684
2825913966
1007866653
433533529
1113519083
3397707090
3902750189
4082861583
3126990739
3593660941
1186882636
4151342760
3168741395
1586222084
1774145277
4012154233
697190727
1851497406
3406056068
433185344
2599017063
715127524
2990497466
2756524061
39917106
499095951
1206588961
3248154894
640347828
2690856889
1696216944
4053718975
1376557429
2210186052
112113549
2808420653
2995169824
652761001
4079838748
3164327064
3901716179
113133785
3665009260
94913121
2596549914
958053591
3630590343
1658303238
2784369601
623339172
1002889721
293397464
1508050593
2990409322
3360105196
3543463632
771790721
4041121725
932651752
2682439359
325384727
1811013830
3156417145
2015747054
4219976616
3557735855
368312298
2922342025
2385134589
4233719221
1259141710
93988450
3946597721
3498128216
3498960130
4126661998
541457845
3635681525
508156155
1177949141
3083455526
1164866218
4135943987
1946332095
1467845000
839261709
573430144
3570058471
3859096218
1948391770
2644986788
1461070427
3928165339
3840197888
3279610197
653598192
583584805
2644934437
1427264205
4238126488
892134047
1925967945
2628772402
302372183
3101770031
951291215
3815886409
893119012
4090532610
1439306324
1310059629
2492967510
1409313821
3547072084
926201659
3728532653
2470439340
947508668
2179595687
1685708037
731695685
3137793191
1572038998
3019079803
1393898525
3607659195
231982101
2518945400
2396901945
2618590778
2932196369
1602498189
860807186
2188022361
4033699078
748828302
1412477369
2178881501
3945376493
2556071527
1076489672
1500408844
1232069463
2065079191
4217794767
4194095443
3264917206
1961412032
334273368
954864509
4197132210
3146961139
2675921240
3067800623
3514748071
1474931451
3071823437
568150518
34834374
4242518046
322181987
3938437979
1430427902
3895168590
804807063
663536445
1348856296
4250487413
1624188438
3214977809
3067139847
1380364983
4220263647
856491951
1564148608
11596344
539932044
91908251
1701040185
2965844710
1615058570
2897362762
3004838357
3612242435
3379732147
3435843207
3583387060
4164552410
1055100189
3526472829
3139419244
96036762
4004846009
550559512
1184433394
4142691971
59926135
2707262997
601228416
3658712786
566599539
4165677686
1639018888
2589862175
203657423
3838372819
2323490759
2702938982
1515848267
1563343576
306062745
890065674
2460158215
119769642
896290269
2861854858
972726992
3384531603
1264968817
1577167421
1955017606
2991877116
3229737353
3240107263
1748234681
2568112761
3143661951
3307816531
3553767703
983424138
376467420
2660181527
1393069525
2443930655
1691271732
2061386892
1161020657
3625670193
3060178419
2087115297
1219516093
46221024
851805522
1533961281
573702954
3456418887
1105370024
1520318377
2056971243
3767016118
1212564584
1102796322
135686849
1953791037
1183108555
2428366098
342862393
1333676236
1745782419
2980903110
1512658876
3642184861
567215053
3568620243
606944622
1423643571
3496481501
3922207686
3487813615
3100627470
1598643944
2347555015
33271135
3137097694
2060931091
308587019
4208414139
3743864925
1245001615
4041937373
214636144
585733355
232969355
4262096622
1899442934
61541223
868488331
3918861661
135008501
1935258683
1203911104
2003022918
71666172
3503370306
157379018
703690140
3898579405
1967461661
911884276
3840448028
3885901431
229675605
3156807559
1704306821
482900785
2749683895
23708496
49204241
3358320379
2628676092
1814405370
4237730393
316156773
1975419005
2251547421
2139695526
4259668881
3697354046
223660647
2298603321
1589203233
1359103035
2932911902
402896023
3114662839
3909589068
3134125475
4213513133
2111070074
480187642
3134670454
3905918723
2100514514
2677233399
4083395876
1487173750
1124184930
4278509133
1619338247
3722914577
1631180734
1228767039
49614890
2923068799
1545906715
129397377
104289023
3545130050
1300292563
1598678879
1990510435
2188657588
690507357
2037846713
3746176210
2040146478
4022454712
999892061
2638775701
3430832553
3197371447
4251711713
2572136054
496926004
2773560488
1247347291
1129212338
1099515508
1423597379
976928328
2746784118
2628123266
2678391340
2162271008
2387505901
1183490344
2533897131
137354182
3000342393
3638944153
2892757023
2677139102
2751974739
3132725349
2674872948
1571958278
1960689350
2684014235
3300146259
1674830081
1927141269
3541717248
1110614526
3752526426
2825329762
1142170859
2936586788
1186801337
2611827972
471924807
354669340
3165238120
2023318696
3273672200
3110737515
2292726684
3825376997
3742176353
1544023182
4281034309
2222646024
3091235755
592615984
1404708505
2837218638
1367020027
3685621607
3826389085
4047918338
3297083
170416384
1726396130
687693784
3303292590
3599982419
4073562182
4194248859
920167597
981775346
1008103706
1211850258
2960874236
2114942776
3297375946
3199978827
535920846
224321268
883161575
3591914069
2738432509
1458236419
2627439268
16568567
3637343660
3861848410
418898030
2384738532
2903270397
1682864874
3751120247
1034421795
1698007212
1645998175
1362983907
1160992377
1556784201
3380649522
1408117307
3385548083
4171457159
2428799627
408487178
730328002
2950699466
1516764078
2876338758
1017776426
4258100199
178872120
3729203148
3047071298
3080331317
381761818
341666736
2482030643
892517854
4294083585
3201869888
1202593979
3007856239
870968510
1014842699
1814159936
3025752671
1238770870
537912103
1434981197
3120878648
2406226192
83878606
3784264952
3256826536
1825911109
738424611
4052487494
2142703939
1518017680
1367901432
498173820
3932960729
1582904408
534259368
3258503363
2446664306
1850771297
4226260025
2986248381
4209562570
2200051766
230348346
1350889029
1104583865
3426933681
2540891340
1439426858
276999095
3654960905
173907719
3914757265
312628921
3139775017
401028873
2485048115
2007989448
4271891059
3925861774
996816621
2638523448
2599657018
1637392160
122806011
4188683303
1101813002
1145749868
1680647138
986657866
4157921368
729319261
990911576
692094167
1649289171
1823171845
515626078
509972360
3319577172
1759359505
4201986857
726160150
1418448636
1307030947
3310127103
2959833162
2867599279
2559741275
2426657208
1915331329
1432850279
1627240962
2293973333
2257458087
3677115531
342275319
2400169885
690751188
508380537
3135167013
2003809921
1770283063
3655839857
1635012508
1022233277
3893139680
1744408430
4188259355
3272737511
3424604243
2433215572
3159015280
3478836774
2854865341
2096848208
430335645
648614712
2914050683
1783157384
9993954
100376810
1493245484
952943935
3105592388
3984924100
720418247
1307141566
2049844961
2309324366
1947641086
2499570774
4109169995
388290604
2158127545
863328483
282696888
1690619690
3639838981
1164827138
3400757634
1972398769
2426211594
3364429890
1377356921
1872001269
3102686371
2754355313
156853563
3648052938
883921410
1613416453
1340632970
3681604354
2359862662
4071828619
1248800615
2820016494
2606075770
2278235229
3573681379
1994153127
1747858856
4072118230
3367071374
3154874606
605984826
4206681552
547737085
2376759410
1299642121
2385520409
165583841
744033468
1175251957
3483376834
2594014412
2939749432
1153815443
438973051
3477805970
1556235337
174127815
917198209
477843613
2684667499
3128654454
3277220784
3123378108
2946073361
2849877087
3515904878
75833262
2700934055
4072937226
1781269475
1942852596
3504798237
935283252
867456080
3290462698
674406195
25128378
512948014
666322467
2170616542
3127443989
1397279102
2055025270
545040363
1066149247
3904788934
2847499088
2686265569
1982438163
3347214089
2003020843
3084558318
2850430341
3899192647
265379588
4025015398
3139495903
600139451
3324435752
4105321558
1965566159
2109354796
2829618277
1435044724
1791872035
520876067
1348989605
1183697081
2078978434
2872665861
207727978
481141397
2484804369
3511421780
18833815
1451512195
2092421579
156808461
868264116
305562407
3682789742
1356523963
611810653
3967335400
540937188
120874281
1333107210
1333568150
393977196
2212279483
4273827086
2512154462
551682268
4198188201
2581460450
817121613
3622900016
401492125
2500521548
3132654492
208691419
2605980495
4093517769
2622845212
354770041
2532982052
1497992397
2645592753
960460959
43751854
791170108
3889320110
4156805399
3358578472
600711395
1184404532
4195109702
3821074613
3093251027
906293331
2242930175
4044819362
2828884105
756158674
298769109
2600090896
2540318523
369651868
1940981399
1784494524
2908136742
1607176250
847406956
3214901190
2307480625
3207575397
1495403395
963006176
1221543858
2194156823
3932731048
871108343
1501103679
1869486292
3092421120
2575921533
2195850017
1546791381
1511545495
1104383682
2101506529
2204886476
3985032968
179367970
4267091696
909833384
3058538478
183493562
287517358
3116953788
1244541818
3087697068
4082755093
2781994232
2921640351
3949356263
890594925
1885979379
833769654
3433934074
2694206399
1553723097
1299697100
1725078117
889291513
2082646999
3733535355
2253681403
3586536395
3256013049
153605896
4119109533
1253864110
2809100932
1151028768
1926582632
617410620
3062954819
3268702712
58142303
2118561157
3724165934
2380346457
1363297042
3302957344
2426986294
195940086
3258584185
3880365100
3712731314
3648665440
578653425
3577878414
1460773773
95164757
777743896
3863173955
3169728884
2325578051
3582750329
3771335664
1598017073
2048230736
2025994676
2652922562
1271421580
296384926
3664318520
4282428385
3160050748
4200434752
553264258
3170781967
709041568
4165254177
2615927586
270033632
2787666979
1068518157
2901583482
2095501789
2909680858
1817459080
3158168824
3748768839
827845614
692734251
2688636241
2596924901
2269885047
399261412
2645421608
846022814
4112807728
1979924681
4157523881
1621317054
1091226996
4119591190
29640007
3372806397
4145731832
3470367143
272452261
1769731280
1111810076
2243710524
1704378665
2365895
419165558
3812454128
2943837480
3787474258
162930582
2571812161
3753980110
1350014209
1134205673
980287097
1063334395
741242622
2786774057
1754035874
426008646
649063229
3065895552
409474599
2123022238
1904131834
3401386886
2408320268
1988004953
2509232871
2497284135
4007954629
1217705078
905644036
711798183
3980505727
1325473961
3807638098
1641730293
3665472183
2333357548
3283122416
2259155816
3531649763
3849661377
3254706573
3191441925
4191024972
1025542522
3897502273
398724576
1633348644
2439405405
1404794444
609180863
1234545877
1687763132
3400309316
1728926109
2870602917
1118787784
1531759951
129975766
165469213
2081450154
2925873184
3195137226
1150315204
3979818102
2033057674
3711469850
4060965347
479773992
1754530537
2003139825
3188948486
1524822273
1522729571
1716835985
1298698296
827763003
590937553
2795399247
1048074710
2557083994
2669001638
1934035319
2696133014
3957604006
3062429141
288761948
428217510
3032492751
573284568
3103088778
4216862044
2443188754
459311268
3616089814
1070490900
613710224
4035670311
2947561598
1372113063
1070386671
2792439789
1075041603
1625982248
3201494349
3950529525
1286962618
3349000956
3238278405
2544732216
1851931174
2314192458
2322225684
2944422208
1697132174
2937975834
811504563
1573768963
1443664439
2383059818
1305406654
547263936
3108440707
4214899254
941635287
3945164542
1136540856
152233852
2027230018
4213655546
2797780607
3401946476
2068453914
2390636068
2012389572
2034417220
1488746223
2152096319
2896013780
4077995524
1438453678
3625174345
1629416142
3718110712
284734409
3296015360
1794051455
1600402629
2253510300
2041498066
2141508723
1676201920
3660265063
3349018520
2974103820
2544051568
517867676
587790431
3335074548
1398163365
3408352231
1790762125
3496265276
1820223028
1192434460
3669343222
24137648
1280590390
3532845031
1183778417
477191282
1443411965
146983753
443146234
150676240
2041596798
3553943655
3768088077
2820257956
1185023955
4015900668
893296711
2884942071
1187417792
1773446894
2063999579
439937994
1433208476
3136644186
2430180495
634167001
2042864940
4012680658
3552260471
3128548976
3762312028
397308618
1922307092
144410135
1404688314
128946827
4122157549
4228008862
3725002303
2572339688
4273880463
905365860
1506543790
2359056099
1592320952
790010194
13879753
3277081259
2977376908
2484447515
1453120406
4136288286
3149367862
2973430423
2555428298
522955950
571478564
3864672210
2464769973
571449084
2088194333
1701370590
1140474250
1273994724
1975208637
3407202861
344051538
550489237
21158307
2453072319
3549746108
3561563240
2402827758
1742621654
3343801546
272996484
4248680449
851856008
1067417934
2664430223
2958780994
1267704049
2201615586
1568249203
3806784444
2190854408
995547756
136872463
2252754859
1303279638
4037670208
1035775853
3185540689
1371639879
1589755699
2928825074
1596406744
1434280395
4146659945
3709169018
3690184483
526083258
3325340840
1420911656
1639591320
3775164482
105146748
2662412799
2783893613
884588511
1422074260
3139820220
3171498591
705069360
3432180390
1721855188
3138029894
1023492488
36556935
1063465897
721435823
2715983219
2539719164
2262002290
3685117815
3209764472
2490100414
3614320708
2486600557
2026066770
2787035817
41302310
3281671976
25003803
2309250085
3697310978
739067178
325745242
4086468551
304963453
454567021
523638836
3985306474
875188368
3834234908
4079569370
4055955813
2362605243
2216625134
3361761741
972776575
3519693843
1021306953
1525619834
1627014857
436700831
3186198916
668085100
3754517441
3748885009
2254153750
3428391415
219761464
1714675201
1418352566
397430154
658064010
2671259357
1370200070
2599227489
3832827535
3842878494
3630979176
1639422665
996487922
1023974901
1071470233
172499097
437913618
3321974022
2664617352
1355350422
2315341881
87250525
4096761179
3336563355
2739637379
3452192126
2638941290
2764075799
1069708829
1093689288
2860908882
3962307009
307025740
2810363139
1461131580
2401765766
68798651
1635572896
1074476039
2134152602
2752637683
433829784
734676158
2181331069
3251470478
416481067
3720072191
2525672268
1968463873
235923590
3745977904
1388448347
1201280819
4156194737
815811721
1751352870
390172206
2807752451
4214130545
2512643188
4170768051
2093559106
712565833
1378318335
3666042749
889445333
1728207840
3629661736
3054597946
1938651195
2997950928
2770566170
3904374528
856934741
25744218
2377423309
768234092
3667963620
2171939701
2515903617
3395623981
1226977652
659186795
1144503858
3109288803
588384264
769165960
2071317014
3943797342
926671879
2668771371
3481660995
1302874836
837439186
880864000
3401537704
118935873
1703066248
2668036045
1359252631
3291443587
402763055
790503579
3093680367
1884246047
167829246
525975179
2459382212
1306871249
3384675796
2710229219
3305718388
1765198649
2865446338
3960446348
2785294659
1096467079
3437822346
4033223900
2472194383
3419776535
2367964800
1580426291
1041634751
1479237198
897765963
3001993179
3003533349
1823939165
3453339062
2546848835
2983988798
3323027953
1076801595
1903471583
961890922
4150612880
165276952
3950749615
3415272087
3389391120
2173709944
3203195590
4186211609
1775450828
1589156213
2378647428
1721081768
3254905696
2710073429
3550657896
392969937
4014011597
3408350459
2686562421
1821817325
7729533
3921967612
1787663613
3731732881
1676714905
2073524074
1912799327
2543487455
2282539298
3722748822
2869573281
1908027574
3654270498
2507193882
628224699
3148219106
1818318930
1919182438
4176832795
4163862979
3451207245
373894982
2386683827
3939019177
3552679107
2377004191
3093758102
2083931458
4269086954
3209337208
634020380
2875917494
2607962760
3099151528
1619418063
4144149520
1675659497
3979443607
1723511958
378590141
1823060561
418959107
3208979259
2669090097
2562068704
3438510260
2055994340
511191423
1615421819
3223272049
3172517771
4256558472
317003714
489467704
120324269
3286572772
1806206852
2416334909
599006359
2416855527
70177812
1455480083
349476803
2707306761
239549112
4247280829
3735079263
4072690633
489599272
3351867516
457203330
1081739654
1374007676
144427505
2235994710
2446429408
1742126734
1679374497
3524915099
1887807741
1869109365
1117112745
3255296156
2592244445
247504889
310999331
3698273085
655676295
2932704370
1167102904
3597605592
79760946
3862745818
3676778161
1083136624
484044420
421266058
3943392223
3413856582
2528124859
1618799690
3340401773
3044465611
3601923985
3352775425
3093547440
2517769497
2541777932
2500687696
3002717953
1293480837
4126786745
4131494749
900581404
4028181370
2203930989
470059884
306540813
208338848
3397194295
1203429698
1171486135
1232165228
2361166072
3272533757
2929715268
1275041725
2462740904
2672001192
747663829
3190167775
1558710421
3823218906
2309595170
1448561148
3729685071
3161945693
1944804692
1576317708
1149307127
3831690671
1238391407
4134605859
3019129413
1008169134
2620555813
1209937875
1812905501
4204445116
1702642352
1925446027
68415297
3042929907
796774549
2129365906
3182434578
568663674
1306366731
1624607712
1983418442
3285943329
1421051800
96544774
563251748
2734969610
3603713361
3346676824
4241899078
2082672192
1151910482
78156331
3194165006
537302931
2117287278
1599245731
894956100
3506790050
2449566106
1640572282
2453853328
1060740155
2092037076
3847608422
1277206122
809456870
4185116979
2171061658
3482604228
3939071104
801925038
1943292602
1895922682
2021874413
3568426605
2925024586
2874698794
1209487839
1456481107
3637119427
2737004045
539195861
2254239986
2114870440
3313181915
1399021493
1794248094
3933331904
2977149093
2498013904
1074442261
2762333319
1299201477
2883767857
2784931810
1788708701
2375077796
174412348
2645133721
2817335883
783433249
564315830
3495578471
255253396
4065493661
612385021
3792367876
1855163172
391638038
610189804
2162801540
2522874121
112265925
1268690332
2744413700
2556120757
1192810068
1151054035
616878736
747216890
2922698998
1882994190
677201544
3722009943
804405951
3457081609
638127857
1855308719
3029356544
465731462
1263436176
873259847
2560251981
3941590465
1653416828
3222066663
3162204046
3210832617
51551122
3387942788
2330802843
801458129
815631795
2824668462
3738936795
3755584971
4268965942
865663252
294949762
2790444699
4229489589
1495329746
2706263417
2061934421
667385827
2603555510
3168458268
1442236962
1165821004
2964792177
2890904840
2505033033
3860555087
1005738469
850310147
111718116
2006183504
2294330678
3943591451
2152171135
1285006927
2042760803
3830510185
228391334
3650405156
3598689544
3151817105
2212748138
31008042
3888653568
2906992293
2479953460
3848856012
1959454196
3233027146
1496221312
2486520957
3028357699
671746556
1412878688
2753811253
954818160
2552628214
1087479808
2120857356
3761761809
1648482648
959890008
1918974990
3154252954
4029036008
1501302203
3408247639
1641835785
1045884393
3204775188
722359190
3523804286
422903666
2215890972
4044626639
1644622313
2408698302
3435380692
174324873
3657279076
1161177080
3090240298
1525361448
1234686131
2812820365
1507476145
1744131528
3459156151
2003153314
1492954164
1991632903
2519352174
1685320606
3626749026
